14675
13386
14015
14109
11044
9484
10707
12157
11027
12812
14463
14682
13720
14689
12584
10667
10679
12796
16414
16885
9132
9488
11291
25724
36082
10427
11277
9700
10187
9702
12618
15168
14707
14897
15151
16284
11814
9052
8930
9387
9167
8760
9084
9310
11708
15079
15283
15226
12789
15034
14410
10533
11493
10374
9921
9451
9460
9673
9579
10557
15138
33333
28517
9124
10545
9961
12232
13940
8931
9163
10639
12132
13215
13852
9686
11659
13296
8871
8848
9122
8620
9261
13834
14641
10370
11534
13795
11283
9364
9907
14174
10600
8886
13231
9324
8977
9143
9813
12347
13636
10933
15049
10479
9114
9632
10006
9798
9147
10082
9294
9570
18695
17336
23231
9279
9331
10475
24312
22295
9103
8949
9643
9325
9089
13052
14744
14271
14476
14559
14408
15424
14604
10472
12244
14601
14332
14581
14323
16095
13352
10036
10234
10071
9960
13909
11619
16449
26642
30854
10464
9547
17478
9821
9024
10771
10461
8865
9084
12860
15018
14236
16346
12050
9050
11037
12319
9274
9807
10060
10788
9300
9613
9731
9018
9458
8919
9083
9457
9036
9759
11971
13454
9211
9287
9938
9315
8937
9244
9004
10273
24961
19652
13696
23518
19352
10438
9768
11212
10585
12519
