217015
201800
212553
221612
238768
248860
219950
217821
219945
231980
238504
206854
242018
245682
227237
232933
217970
231934
210059
221525
205133
221517
245496
235411
253401
225902
202000
204329
207285
238155
208912
213758
201415
239080
280449
288673
297845
297856
295962
241723
236809
298142
270377
271781
264248
295967
275020
266935
229298
246011
247331
213034
241792
215596
217655
219293
226842
226936
204631
227778
207718
232290
250864
243821
211378
256876
224774
249346
269592
200175
206741
213433
269845
224737
203570
231433
229449
215918
278907
253411
214545
241499
221952
208971
217506
225608
213106
203821
206649
198238
202233
208521
218041
211865
201035
223174
206946
201797
209025
198771
203235
206721
205142
207022
258309
215960
231583
203383
224499
225426
200755
224031
238325
197413
271716
227990
227827
224563
233601
222971
210578
232834
201543
210502
217755
205524
248432
252164
216846
248965
215633
209771
279240
216066
219832
238696
201768
264042
233650
214238
237268
217813
221149
248318
211469
247578
248002
231055
234168
228750
226733
268555
235464
202831
221434
209905
227766
253990
224480
232459
243930
234265
260217
224134
236485
213918
254088
243863
241680
253094
260799
236356
229045
253074
208120
220411
223242
234499
212664
212906
244092
255093
278619
220552
223049
207561
223961
232539
239015
216089
237053
248871
199867
211976
225942
215364
270163
232571
241417
221720
