18436
19697
19376
19456
20908
20695
21486
17703
17053
19159
18170
18882
20597
21025
20650
20292
20061
20582
21836
22603
14024
14424
13996
15747
21238
16988
13588
13774
15838
14353
13849
13524
15888
20717
20803
22085
21391
21958
21116
21101
20999
16747
13710
13768
13572
14168
13841
14039
14436
14138
13715
13958
15247
16376
16011
14092
20184
19090
14186
16011
17529
18540
20651
18788
19600
18896
14767
13817
15893
18312
15262
14170
13796
13697
13548
13723
14269
14649
13439
15518
20168
19656
16014
21007
17965
19870
17136
21040
21021
19239
14618
13373
13782
15556
15048
16094
21525
19274
16931
17646
13608
13634
13561
13878
15114
14942
13370
17942
15331
13776
14647
14769
13791
13837
13786
14365
16171
14696
14037
14003
14136
13575
18577
19796
14015
13978
14297
14236
16969
18146
18993
20404
21603
20423
17182
20387
19451
13837
16260
19003
14274
15622
18164
14646
15316
21508
19048
19930
17890
13721
20121
16277
13260
16493
13836
14312
17408
14230
14025
14800
19559
15852
18322
20590
16254
14113
13363
13445
14203
14509
15799
16771
16351
20060
15171
15657
16008
14084
15898
14440
15962
14873
20925
26341
14256
13811
13944
13871
16247
20020
21944
23229
18679
16331
13381
14249
16467
20462
19976
20686
