23033
22628
24161
25253
20251
23583
22622
18414
25367
25642
18877
24076
26913
23695
24104
25612
27623
26859
31693
18679
23914
19942
20700
21315
19254
19317
18692
18236
20372
25968
24849
24222
21674
18721
18393
18406
18335
19043
18613
18048
18404
20305
19694
25326
23726
19140
27010
23587
24906
26287
26187
25913
22042
24227
26065
27508
25226
25258
27589
22125
18875
21484
18856
18870
20236
20107
19348
26779
25145
21060
24572
26566
26844
26308
26931
20192
17832
22156
23160
19218
18933
18536
18891
20183
21106
18587
21522
24405
24272
24296
27113
27380
24893
18657
18631
18014
21045
24820
22854
21414
20627
22388
22958
19452
24367
34141
21406
21822
22860
20453
24380
30493
28173
32130
23358
18756
22868
24248
21878
23448
30731
29027
32015
25766
25766
29194
29147
31661
21422
21112
24430
25853
20146
22444
20312
20212
21444
20195
21706
23078
27979
30336
31364
30227
19688
21787
20975
24486
27837
28936
29256
38167
19288
20015
21741
19154
20649
19035
18267
19593
23990
24863
26198
26784
26687
19284
23467
27075
27345
25947
27136
18615
18457
19521
18343
19977
18668
18948
20526
29264
26211
21348
31976
24249
20376
39254
20068
26160
18124
27309
28339
27351
22729
18975
21098
25275
25643
19116
22635
25792
