26078
26082
28307
34820
29929
24152
23752
25012
24105
23950
25576
28682
32338
35961
36004
36839
29048
25380
35116
36515
38019
36524
34688
38157
37192
34153
35998
32980
33590
32240
35350
33716
34379
35447
33775
27790
27111
26919
24278
40645
25932
24392
31902
38350
23718
24389
29933
35726
35011
34294
34534
34766
27958
24491
25712
23523
23946
23419
27721
26285
30345
29931
27672
34668
30745
26310
23905
24409
24959
32357
31576
32885
34238
34093
24952
25073
24719
24151
25648
24587
28712
25074
29302
34789
32998
33978
30797
31095
32237
24682
26584
25771
23450
27731
33676
34639
36090
23493
25642
25800
35317
32926
27996
26752
30169
36128
26549
23782
25159
23744
28117
33067
34795
30192
34809
33964
25165
30456
34647
33382
30734
25503
32203
35513
34227
34407
34010
24731
25422
24404
24394
27262
26910
30591
30903
24535
29151
31961
24713
27518
25532
25645
24165
24562
29124
25009
24197
23738
23878
24059
30351
42213
38429
36241
35744
35811
33031
27594
28349
27078
32344
27643
33145
33327
26537
42378
25563
30388
32289
34366
32524
34131
28304
24246
24107
25385
32335
33309
33623
34633
38279
33163
38060
31268
34559
39007
38457
27093
26138
24963
24495
24897
25845
28713
27076
24492
25270
26816
24102
24128
