30546
38660
36239
34322
36578
40694
46650
40301
42108
39607
31094
39375
31576
38902
40445
37505
30996
31444
32152
42016
38314
31634
41529
44534
36349
33462
43029
34451
31208
40497
44021
44147
44658
33717
30862
30585
31765
35725
38288
42870
34170
32371
33432
32816
30920
39859
38001
36537
36316
39775
40065
44249
31626
41498
32526
31758
31141
35374
31846
32609
30699
31048
31576
34438
43269
45928
33179
32292
34012
40118
36545
36343
32898
39529
38953
37753
41827
31301
31269
32556
32087
35417
40975
35023
44560
43650
42617
39103
39806
41408
36384
31476
31666
30765
31121
30495
35917
30679
33723
32579
30889
31807
42342
32494
33299
39110
36060
37175
31733
35151
39899
42625
44444
44364
44964
34214
37046
31999
34443
31200
32719
39233
38608
34640
44418
45136
46712
42847
36381
43004
38478
41757
42439
42694
45724
38809
32802
37788
40239
35933
35486
32693
31248
31062
30750
33030
34260
40113
35855
38468
30753
31179
35425
34474
42272
34946
32173
31208
30649
31696
35635
36812
30896
31813
39186
37457
32457
40488
32389
34840
34367
39444
44960
42353
42144
41775
40543
45165
44201
44789
36512
43438
38660
41197
31812
32201
39069
37818
44215
38643
40158
41332
32454
39989
41391
32746
35802
36763
34695
34285
