48811
47181
47082
52767
52331
53329
54836
58044
55901
48502
52990
43159
39837
39192
42238
48153
48578
41955
40067
54412
58216
53686
47888
39873
39371
53755
50355
39296
39652
43286
46097
52232
51704
43253
48630
44059
47296
52167
42083
48785
43562
46208
38582
41438
50396
46753
44046
48963
44372
40884
38574
39495
39627
43842
41174
40041
39754
52903
52265
46336
53421
52040
41132
54631
46602
44721
44309
50960
52317
53822
43504
46355
46390
42003
42343
43552
42846
52381
51141
58134
45154
95133
41642
48255
62248
55850
39733
40368
56207
61089
65765
43145
45454
48979
48941
39954
46202
40548
38097
42462
52966
40546
49971
41060
40203
42982
39615
52581
54553
44901
51853
48650
44983
48552
57220
49795
40591
53700
56018
51100
52797
47093
54009
49490
42566
52089
48868
53361
41643
40724
47015
40305
49674
47201
42941
41690
41288
41391
50138
38030
61282
51677
45071
51595
52040
48925
54594
54745
42760
56569
45712
54584
40483
56843
40165
42062
54685
55771
38068
40807
53191
53781
57996
49910
39287
51732
52399
49772
45259
47689
40427
54620
47232
52443
45649
48810
43029
38101
40706
48444
45546
47482
42827
42554
56471
56084
48526
47492
40008
46429
43716
39793
44923
50734
55977
56232
59168
51510
48352
39708
