48749
47877
58880
66257
60546
54232
50557
61789
52336
47890
48974
56211
63742
61601
47280
54145
68996
59212
56956
61935
64156
64354
56652
76738
65310
55363
52823
54346
57502
64640
71063
64405
60048
65402
49992
50453
49847
47515
52046
50604
53415
50921
53236
58228
66170
65117
63833
54990
58204
70302
59966
59870
66886
63318
70469
72489
50110
51342
53571
65132
64387
65972
59758
56551
62444
63263
65000
68643
51709
51336
50312
61999
58137
50723
49792
63162
58954
58496
64742
49541
61321
57371
47548
49018
49838
51179
59182
47363
48905
50213
48437
47539
55654
55467
49640
48133
49849
50960
56521
53957
50433
49107
50862
56743
49212
48868
51408
60946
51246
50257
48400
50067
48886
47744
49416
48469
62377
52424
50322
49304
56536
55535
54666
61186
60117
65294
49709
54972
53189
48588
48927
49770
48859
48896
55697
60392
75467
59205
48591
59534
55478
54781
58528
48537
50626
52166
54712
51109
47750
47844
55829
56469
52768
60216
52763
66089
58328
49212
46513
48567
58869
50165
56138
50242
49485
50046
59536
55729
47987
47988
49049
53018
55981
49576
48151
48325
51283
49619
50206
50505
56721
65317
53246
50886
48320
48540
55238
55239
53686
58041
52167
69742
56254
54444
53139
47915
48836
57893
49292
48624
