59689
61126
58220
56607
61119
67110
57212
63561
58227
59024
62091
60742
58838
60159
64463
61113
68331
63790
60788
59327
58286
69598
58313
55961
68963
59344
61339
64464
57507
55816
66150
67123
57919
61970
64800
73440
58400
56646
60823
62080
56804
58545
61353
66983
59113
74976
67542
58084
62019
55898
58704
57072
56725
57752
56084
59363
70954
57022
59879
56875
58163
58671
57742
55445
58442
62801
56519
59160
57626
56271
61328
64524
69140
61287
59721
64727
65243
69546
64537
68195
67604
69989
60136
62287
63953
56118
61264
56938
65315
61869
57454
63688
58523
56244
56422
58520
70544
59066
59447
57150
61193
58601
56926
59758
56183
63556
64838
57984
58120
57786
61455
70559
55492
54771
57359
67689
57143
55349
57622
61138
59190
58892
69278
59843
57538
61872
67555
60736
57886
59385
56760
64346
56131
59534
64929
72199
60338
57453
58401
59902
62736
60171
59952
62827
56524
58471
66717
65135
64228
61939
56915
56290
56529
57079
58667
59714
60618
67805
56683
56662
72942
71414
57209
57360
57561
58118
57039
67028
60373
60664
59829
57029
57186
62895
65459
60967
63121
64975
57943
66264
67236
60693
58311
57039
56561
58238
61419
60303
56520
58660
61598
60181
65327
80362
76925
80584
74676
56114
71222
66910
