4499
4239
5270
4778
6024
4179
4650
4437
4939
4445
4533
4327
4553
4358
4363
4382
4512
4244
9408
5181
5099
4337
4294
6266
4339
4698
4423
4431
4378
4362
4438
4466
4106
4467
4212
4255
4314
4912
4485
4270
4491
4444
4405
4547
4319
4518
4547
4404
5613
4637
4679
5175
4726
4674
4251
4259
4382
5225
4230
4576
4466
4599
4432
4382
4429
6550
5245
4498
4555
4915
4585
4472
4713
4368
4535
4370
5437
5412
4903
4640
5732
4658
5886
4440
4882
4380
4646
4431
4540
4425
4366
4288
4333
4759
4342
4820
6078
5750
6375
6898
5442
4495
4471
4469
4329
4277
4502
4431
5414
5054
4709
4439
4891
5300
4770
4375
4486
4340
4247
4435
4792
5047
5420
4346
5182
4802
4236
4993
4159
4324
4352
4484
4516
4502
4346
4549
4327
4327
4616
4409
4402
4517
4610
4310
4226
4540
4346
4633
4403
4302
4310
4616
5017
4541
4742
4457
4358
4705
4425
4409
4446
4421
4332
4295
4498
4367
4329
4703
4338
4331
4377
4711
5827
4441
5313
4519
5221
4460
5138
4825
4394
4497
4451
4479
5194
4965
4351
4904
4600
4715
4671
4445
4450
4632
4627
5625
5471
6142
6874
7408
