69317
74016
72909
67815
75126
71267
77282
73326
81131
68987
67955
75069
75697
68094
68721
69752
73211
66867
75243
82236
78707
73622
75691
68587
69037
71157
69924
70765
73138
71350
66989
73718
83634
75542
78357
67320
69682
67391
78324
72582
70828
68959
67988
73533
87482
72131
81369
72590
75172
73060
82810
73221
70330
68961
74624
76819
70993
67421
66122
68741
67793
68438
76692
70306
88213
113345
68740
96059
70236
69416
68926
75539
73654
85580
81036
84693
81716
71726
67250
69803
76388
87416
79550
75102
76337
76843
69533
73406
66229
67284
72655
69760
69322
71371
68475
69550
69596
73052
70642
69558
69728
75305
72776
74246
67758
70013
81646
74217
74760
77547
68510
76263
67658
79614
71864
70371
70751
67437
73460
80934
75904
70917
71693
70706
67809
67842
68093
72428
76289
66861
68852
68178
78088
75271
68441
75826
70697
84295
72825
65561
67056
76905
70646
72073
68728
69948
74839
85666
70432
72138
71501
70611
68753
67007
70339
67754
65529
67771
75681
75860
76514
85684
76961
66742
67192
68438
67834
66970
69256
65850
69572
66589
70803
69968
74641
69484
78326
73612
78187
74214
69960
67016
70443
69687
67601
68432
82582
86712
76102
80434
76597
72288
71763
80207
71231
79610
77902
75492
67957
65783
