75058
79125
81421
78316
84306
75712
80468
85847
100804
82616
97973
98052
80085
76306
97661
79987
89053
92501
80455
79037
78667
76713
80293
79636
76861
76611
78019
76720
75031
77771
76757
79105
80028
77227
86118
80196
84484
81636
91392
81034
91009
83577
96720
82632
76637
84827
92677
88005
76416
77076
77279
79550
78918
80461
78857
78469
78722
78051
85778
88945
74814
78163
79655
77414
77311
90738
83468
93453
77059
87336
82405
80200
83456
91097
82319
77542
77486
76127
77319
80273
80119
84023
75695
79201
76882
77012
75215
75768
78714
75599
77594
77506
78261
83012
77244
90220
86065
79690
83078
77044
81931
82261
95088
88999
83382
101678
94316
78418
79361
79507
90009
80956
77675
78797
76137
76948
76875
78493
80335
77929
79551
80188
84585
82575
84888
78318
79371
76908
88681
75472
84079
78610
86777
92143
83821
79912
75890
77903
76165
77106
76120
75953
84929
78954
84585
85932
78001
77505
77930
80119
76953
77616
91848
82386
85789
82982
77630
78914
88888
101218
83305
76060
77688
84269
75210
75100
82990
80960
76084
78986
87983
85667
81139
81952
76627
78589
86863
86620
84579
89212
84279
79837
78441
75804
84011
84778
76743
87335
87415
79385
89895
85277
80504
89883
82820
89566
84743
79017
79887
91101
