92155
90082
93755
97713
101716
90820
93437
91743
88505
87341
111195
95567
100762
92124
92359
97831
97722
94700
90409
88215
88252
87462
98052
89430
94272
92812
92041
94983
111168
88065
95709
90683
90282
88888
92906
91921
91292
92392
105298
94463
93256
99598
89102
91925
91176
95694
96226
94518
91593
99121
93532
100078
102495
98460
95259
88206
89758
90782
88380
89429
87498
100937
89360
89556
92076
89357
91562
89591
86833
89684
90354
87680
89002
91789
87785
88313
87901
86563
94511
97434
91251
98542
111158
88950
91233
103300
99941
101230
89752
102283
91517
98069
91392
88815
91961
105240
88834
88231
86914
86837
98398
97737
88858
98964
89612
95458
105882
108210
90340
90186
89492
91465
93729
103108
88659
96783
93242
91165
87549
88763
89203
97477
89774
99690
91280
93823
98401
86391
97127
109284
91496
86694
98891
91517
105974
90663
97586
92029
91004
98999
96560
89771
92406
103526
103787
104095
104903
90631
96058
93215
89652
86678
89294
92899
96815
90649
93179
97635
105711
93784
93840
92832
96665
111376
99515
92474
92192
91047
94376
102337
97762
92234
90062
108326
112749
110344
110930
98638
94913
118339
108834
93091
93024
89740
88902
88641
93403
90370
91371
92568
97490
92753
96741
89670
89351
86737
93741
89810
104036
96052
