103164
109240
122364
134583
115263
103280
98904
107295
101770
109649
104590
101265
99600
107974
100208
114337
106274
117476
113054
107133
105899
102885
124383
114825
99661
99056
112906
110354
98587
103039
106305
98304
107467
101959
98290
98104
101592
100011
99366
102875
108557
98833
100278
101608
112018
109992
107489
109438
116867
119471
110070
135979
103588
106687
108193
103060
105284
114751
109845
102856
119436
99803
106826
119149
105387
103636
137550
96970
99863
101508
102189
105654
108608
111146
106156
103545
106960
106408
102462
106920
101688
97694
98989
106485
106618
113656
102661
103788
103553
103418
100188
102461
110580
111239
101872
101671
104122
102791
108548
103833
105286
119874
119166
103572
103629
107841
102759
101690
105374
101094
114005
108476
105540
103631
104503
107012
109448
100484
107758
103163
101171
120633
117382
106110
119955
99812
101516
96666
100548
115989
116053
99354
103402
100952
98233
101442
107513
103243
115808
98586
102150
100082
102210
110842
107699
108450
108319
107171
104924
102592
142916
112483
112536
100210
110000
111654
100992
99319
97529
103200
103281
111896
108975
103367
107169
98246
110934
103162
111906
97859
97537
103460
100814
103305
100684
117990
104903
127071
138658
127448
98724
108443
122092
109133
115576
110362
108139
106126
103940
112900
147914
111916
116000
114326
115420
110392
110934
126459
112577
100484
