114776
116922
115448
127808
136686
131942
137770
112935
165859
129641
128828
133697
128971
138459
121871
131551
131767
119056
139325
113036
113746
120403
115855
140919
152482
127718
137652
137437
116857
137753
144406
130932
123399
118080
131616
130334
110505
113718
125746
149580
112904
156177
150429
119869
139827
127718
128301
142102
143285
118351
141978
134194
160020
125763
156662
121446
126324
133070
135350
137059
114714
129994
127530
117008
118514
143147
142785
123960
131000
126074
144793
136468
125392
123509
116921
144161
142132
119822
146997
128092
120891
130944
142217
133763
152060
128572
122899
128624
125132
114763
129307
122740
135395
164039
170341
168763
136560
156236
140002
129667
130712
123691
138178
131641
141152
121424
117107
128393
134878
121223
129668
137660
147142
145407
123393
114955
131752
151102
115500
119917
137329
127089
123788
118514
131786
115494
115948
150107
115230
127355
114023
133237
117012
115046
111526
114680
140884
160572
154728
127248
185354
132227
127585
148869
123931
143714
143659
161257
144329
151099
153945
151820
152899
152691
118448
128014
122200
128455
117754
125061
129195
136514
120968
116870
121467
123365
114061
119817
122817
119075
125457
119915
125353
141319
117186
116335
141391
140716
145957
116078
140461
150408
113912
119319
135680
151131
122528
115757
115411
116576
116411
144187
132905
149843
136055
125799
134264
130762
159164
129151
