129555
165150
144392
136801
165248
142552
162614
163002
131921
167268
135572
162429
169955
163851
136643
168235
179987
170817
175317
171163
134987
172195
179476
134854
165116
144415
130877
162161
167634
177191
168743
158088
144545
134721
159274
153586
163606
172152
139856
140000
182272
159024
165466
160366
155098
144456
152509
158112
141737
159853
180687
162603
150991
163777
137750
153445
161157
130260
159520
162222
160320
156293
164286
159748
153640
145826
171471
143644
136663
166661
140409
170331
165553
158630
160163
155994
157859
134343
143944
180389
146403
166836
153902
137813
136203
174957
162572
132914
142617
143246
163246
172985
150596
181601
159944
156794
147947
143571
148032
132766
142927
153036
158044
188508
160129
184663
178720
141419
163148
156791
134691
145516
144328
143880
132516
157426
151360
197655
129967
154965
142776
162754
138195
145680
163607
169060
142175
141277
143006
179599
168263
144930
153309
154441
153041
169609
154490
159665
167019
153046
175763
156985
151479
157584
146648
141720
157313
158260
165336
153991
179622
163409
155879
144522
157920
169385
180214
134369
144930
148780
170938
189125
158982
161253
147378
166136
163983
157559
163436
161365
153412
164762
147272
135408
122535
160104
189836
139671
158073
139130
142656
173758
138516
145993
159438
172493
184590
175708
152944
165548
177143
168545
152556
148046
155537
174129
179533
176143
169922
150383
