191791
194965
195936
171022
164975
195053
165682
190682
208672
241489
202875
142526
170522
173815
170939
184346
185162
213925
177580
177438
185365
208305
176130
172205
150249
156117
146496
147636
149289
166289
171376
134915
169169
136998
179736
174940
144853
194660
190147
185214
170616
177872
189971
164743
203095
195339
220794
202116
151118
144268
174063
220713
212358
219816
157052
152853
163575
167202
194394
150492
198708
201433
177161
211164
182117
197842
169141
193570
183188
191871
167002
168710
140491
139013
146250
162362
150431
150015
160865
149105
161040
169506
180243
144866
176636
140727
156531
139443
138044
157722
144867
142673
153614
141968
174369
202118
202240
199757
213220
198987
190022
210615
237906
227649
325415
222037
216482
147767
165856
189672
206947
203070
222607
186179
190628
181920
190344
184637
203125
223895
192375
200935
184187
195940
190079
182750
190091
201784
205662
204734
186236
180244
187896
199611
198790
188244
198589
188424
193946
186466
200889
194325
185900
187084
200685
185838
200527
182796
195315
191725
193074
194985
197170
193625
194809
193009
182872
186118
186217
206873
192227
187708
189134
185171
190362
205969
186668
187804
189709
179785
196454
186728
192003
193551
180864
199189
183676
197406
197974
180828
193341
197778
192011
205413
192843
268603
249897
217772
202861
198501
213285
203627
199548
206592
194828
139295
202797
157459
149971
140994
