166485
172703
200443
166443
167904
165501
163056
154517
165978
155343
167732
169126
158008
165391
155415
166815
162098
172363
190935
195719
163178
176999
174965
163238
154280
156597
171594
176328
161186
166122
169340
164954
157147
165943
193277
179808
159364
167704
165908
153299
162082
158237
175342
155101
162328
157440
168729
168233
167169
218471
230377
152771
170107
190921
199643
192099
186039
163504
174230
168825
191446
189575
176704
172469
197100
211225
209947
225909
223445
187595
176090
163163
194501
159823
164931
182795
212032
205627
232455
226516
216372
246845
228293
214677
165126
174356
250078
197233
223106
180802
161649
171243
157615
151553
193065
153385
156120
156943
175638
168652
194310
230465
250669
235281
247159
258971
220239
246565
239944
253333
248109
207490
216325
211143
233050
207624
254224
272423
284194
248748
240401
222604
208873
266942
234093
216574
206152
216287
204013
233556
212128
214465
268837
218895
206468
236181
211958
241502
221499
267445
251027
213657
202398
215661
198724
202129
216140
198358
205716
217816
269766
206763
209699
204510
206298
219656
199059
208946
216351
201013
220438
214543
208882
207696
217972
208151
210976
217327
201142
222275
220093
211296
282373
218376
205021
206037
213614
212449
207970
208578
209575
202573
210735
213365
206906
211126
201511
272076
214234
216035
201241
205176
204267
196449
209858
209253
211925
200377
207190
209849
