225805
236648
222448
225187
269790
262170
265658
274821
257487
241234
228266
227977
227802
226824
223741
216793
237889
240130
227330
230093
239307
238680
218971
228301
230045
229882
232783
237612
229863
230032
247888
231252
242562
240317
243420
226174
232070
220457
230331
218621
229950
223117
238302
226807
228967
225540
224360
241490
229986
229186
225511
228416
228145
225943
231155
244449
232461
226842
230980
233842
223419
234025
225485
227306
235691
224844
220810
232072
234465
230389
230686
234381
232944
224709
227241
227297
220555
259786
276749
227638
251554
228929
230304
226546
227571
243166
226497
229501
244669
226859
176046
174219
174127
173706
187471
178807
174099
170536
172179
184029
173507
179805
176906
192681
183218
181933
200216
171876
196065
183165
181061
168681
208315
236154
232348
243491
226880
237014
234852
265876
230230
198558
275318
211507
203665
240271
252320
249697
279357
172006
168561
170578
173315
174744
186327
175201
166258
175267
172024
168531
197697
195496
190464
212678
169031
181089
228667
220457
230205
225738
224744
221704
222116
231209
230100
223276
218389
227543
232732
222165
226647
228244
225442
224693
218607
226400
231670
228938
223893
231200
228126
230378
217539
225626
229019
221418
221829
227953
215536
232321
219567
218274
215164
232836
219523
227484
220223
235188
222096
223685
219257
226646
228676
225825
224232
230031
239356
224783
222665
224237
