249833
291396
275997
254714
325940
313608
264840
256918
244190
246201
241095
251526
241612
234909
236387
245804
245670
239365
240166
249843
243903
246440
248328
240262
238633
238842
245040
247081
247653
237715
244114
243682
244764
235826
243544
239267
246753
247804
241525
242496
244262
244124
240954
239515
246913
260239
247407
257811
247634
251092
242750
259266
248895
249487
243324
247905
245825
239891
262237
243727
250672
242062
245776
249509
278735
250433
246058
254132
251425
242590
240616
255963
244486
247691
247511
259379
257200
241806
251613
244331
244070
238619
243057
250123
254840
298110
289849
256460
260238
273001
275524
259331
249083
241406
261652
255097
239886
261778
312658
269724
240102
245055
252090
251609
241756
249352
253730
251412
238569
254594
242585
247763
236777
255363
246168
251580
243798
257326
243151
260219
243290
256833
243787
254528
242803
252141
241759
331190
282123
310035
331651
265033
245307
247297
240210
243911
252051
257567
329175
296084
330647
268369
283912
309108
270044
302670
254280
319956
304084
285812
257029
286528
292196
288283
248347
275372
281859
281084
259544
270741
283376
276414
280066
278315
277206
265003
278679
277753
284972
271914
273488
257831
263375
276945
279314
291951
278288
280540
249193
249457
279112
249904
255910
335104
268625
267594
259980
273063
235425
232664
255793
272001
283690
270775
247273
287361
263739
287100
222014
199163
