29883
30585
31927
42062
44006
48279
46720
41110
46107
48282
42908
40844
49273
48033
50169
46247
47609
40544
43882
38097
43160
49054
42985
42575
34750
40361
47890
40829
45541
36982
33191
48482
48493
50905
52334
36852
40277
51434
33943
30547
30090
30082
30635
32379
30917
42380
46994
38654
37686
46741
41408
45560
47220
47305
37076
36883
42759
35288
35314
33036
37908
39411
30028
29861
30120
34123
35521
30240
37244
46719
47331
46106
48177
46262
44012
31680
31970
29955
34517
37738
32262
36744
38302
30045
30241
29796
45889
45997
47547
41518
56004
51651
47737
49939
47557
47359
49531
46356
54569
35203
30474
30395
32980
40450
49710
36883
32799
37055
43191
43489
44791
47432
54953
49711
51413
57406
58272
65090
43623
45978
47876
46799
64367
44455
66666
43042
41368
42223
48312
57181
48082
48730
47787
48957
47912
47171
50678
48684
49199
48063
47933
48608
46766
48121
44820
36739
31110
35514
36194
30830
31908
31329
29906
30214
30582
32771
48001
43292
46216
43416
31943
37816
30362
30000
41689
43759
32586
31020
39197
31030
32811
31420
30105
31920
31080
30265
31819
31062
39153
34296
34144
30030
29109
30152
34332
36507
35904
41350
46772
51711
31996
31736
30583
30154
33276
31248
31008
29962
30538
29642
