236670
185508
258626
272615
218691
216196
200849
207454
212347
245099
254924
226011
224442
200316
188855
209436
203868
218525
193802
195127
185561
173282
174555
175388
173293
210100
193059
187684
193329
176296
200352
196786
207704
169553
174678
187487
224440
276989
243172
229077
198650
195955
202812
212556
198249
175135
223894
182705
176857
193470
181594
207578
181926
172727
190075
207262
207569
173610
185625
205201
202249
176941
205733
189037
198883
171860
181079
218962
171998
209019
179587
170819
212680
220256
198135
213823
197553
233484
183180
186052
195555
191784
172217
170403
183169
202680
182538
173385
185748
233626
211378
189394
201401
222569
176439
172836
190030
177468
172153
178133
185110
222229
194643
189343
226213
217666
193224
190966
188717
210052
201064
229829
198747
185363
201044
180607
198546
217920
223129
185696
228831
223679
221152
223202
221177
213625
214977
226624
184065
205505
221479
201602
188263
239097
220734
187253
193523
189513
176650
212008
232438
199137
181199
224680
227853
189442
177983
189425
209776
185002
200353
254693
206370
240175
225191
241972
200533
218910
190583
194783
210582
232626
231909
176122
178475
196565
227422
185048
170026
171287
171851
178849
171988
216149
225557
217600
170559
192999
222736
179175
216216
200153
219140
186603
176707
206753
182944
209377
184938
175015
202523
201084
223611
180700
205532
240371
191347
170805
179421
177509
