49133
70094
49689
50543
43678
47987
45338
48575
43984
45758
56737
56687
55373
47344
52626
44270
58779
61698
46232
53894
54688
47193
52303
46398
49781
45490
43512
44580
47916
54317
53477
60110
46526
51858
45059
43399
42813
44806
43978
44276
45831
52609
44298
45277
43566
44500
45197
45393
45068
43317
45589
54733
43610
45801
44969
47735
44999
43919
44846
47045
48462
49661
43803
47460
46769
45539
46465
47160
43456
44461
44707
44245
44498
44855
47367
55193
63513
73027
68746
57186
47020
60080
67351
64846
64124
54979
46937
62703
68849
70668
50727
67250
71824
70826
49143
46090
43682
42679
45197
44878
45718
64193
58465
48354
55602
45213
45432
46310
45966
45419
43860
45534
44962
44619
45079
47518
44207
44113
43494
44117
43994
43409
66402
69155
66299
57373
43888
45547
43820
45800
45023
44965
52929
44383
45917
55646
46046
60648
59696
60490
52737
52810
59247
74194
73270
67747
63958
48709
46379
47016
44810
43641
45066
51680
70057
74991
58813
72731
66275
45005
47834
46583
45641
46394
44097
44083
43664
45654
46698
45649
48437
44596
51081
52487
64712
72099
48766
43806
57859
68945
72442
68558
62953
57217
52983
59913
68097
65272
65684
73842
71072
72835
47685
44823
57039
64849
60621
55310
60589
58753
