65927
73599
58644
74764
57602
62534
71188
70643
59726
87553
91967
87683
58467
56452
58938
58965
58357
60248
78813
61563
67350
58506
73009
86149
81330
56926
80198
92449
70119
60719
78282
87061
65053
64243
59789
56407
57376
61904
70215
90235
68802
60885
57878
57580
60894
72681
65993
64523
63193
63956
66766
64227
62593
62022
63141
62464
60896
70066
64440
59266
57057
59493
67953
77770
84846
66888
69732
61372
68025
58773
62319
76568
65203
66293
71643
66246
77638
94035
83971
88018
64134
65452
64143
59025
58200
57688
63644
63928
86643
97389
96491
63243
68978
61758
71880
58924
62444
60059
58245
58601
58366
60203
64155
62351
63275
64622
66546
62409
63278
65966
72597
60506
60727
62553
62921
68977
60635
62962
63931
61962
67120
62817
60901
57527
56734
57954
86229
88451
59242
69368
71721
77772
73783
90081
68692
64638
81190
67767
59965
63989
64815
63135
64617
70819
61663
63890
61277
61044
64646
67361
62458
61456
59321
62059
63962
80094
75666
77652
58027
56668
60623
59806
62272
58240
56151
59026
57760
56717
69522
56314
57022
57714
57027
58059
59560
58095
57615
58315
58321
57104
57308
58621
58143
59313
57796
57342
57602
58062
59962
61278
59228
58569
58122
59069
65115
71954
61295
76384
65182
74415
