99869
104669
95117
70869
101548
97786
80552
113125
119387
85444
76681
77020
84602
77006
73940
80601
76466
73674
70004
73280
74583
74814
75374
74810
73945
74602
72563
73007
72560
70241
69697
69558
73771
71323
71873
72619
70603
69091
72445
70233
70949
69610
99365
75114
73256
77834
82615
76513
74742
76671
85702
82025
73416
75145
71218
69281
69159
69501
70057
74461
70580
69869
71770
73458
71769
71104
96741
79562
69839
72001
82440
81903
104377
74511
71121
84965
77778
69985
81614
101328
102249
97102
96640
134464
144225
135972
107751
105363
98453
130950
107023
125853
104169
120053
80754
69602
90002
124096
110574
116712
94033
96909
100255
108135
97015
102043
108914
98353
103768
104032
70465
69710
79351
78781
80357
75262
76863
76941
96014
150422
173820
117712
107297
207264
172345
138124
125507
103019
121557
114210
85737
73337
76376
108052
103229
102886
114220
106030
112204
95788
102686
97672
117454
103201
107294
113663
124982
114478
111487
132681
131268
67932
105482
85396
75070
75561
74344
90779
72230
77620
109796
75597
75276
76495
76303
73740
72925
72882
76791
76712
79179
73778
78647
90874
76530
77233
74200
77372
78282
76374
75727
72568
77336
72274
74015
69862
71450
73369
77770
69911
71251
70962
72026
77569
82746
82001
79426
78038
71577
72293
