81336
83570
95442
86127
90817
88984
88492
83224
81938
86034
82077
86725
84788
85470
83300
83418
82794
84162
84575
88476
97163
85331
83862
86356
106423
122285
132917
138803
175342
155420
163661
125834
134286
177314
86294
125617
93999
87933
86152
112198
117704
114146
117192
115961
121612
117985
112784
115252
115780
117992
118932
112191
110569
113065
111559
113203
113920
113585
109341
110360
111862
111526
119189
132980
110684
122578
113758
110891
116457
121630
124350
114118
111098
112179
111329
113112
123398
115195
111204
110586
112223
109738
123131
114878
110994
120237
113076
119689
112894
112717
111474
111012
112428
117095
112034
110329
111873
111891
123178
114997
112026
113034
138696
136496
132432
117896
112108
113494
127544
128782
127398
139143
118336
124781
127203
128580
159854
151152
148583
116743
112010
112779
142740
178775
125751
125401
187382
157265
113054
99424
84666
89307
83549
83430
115360
84779
84584
79425
79665
84828
79590
79731
80980
89554
108294
101162
83955
81433
78376
82135
80098
82862
87586
85850
82127
136770
94557
126453
89573
92402
80966
78419
80050
87868
114931
157394
131141
114234
109081
116366
107697
123282
124974
116421
128570
120594
112334
150085
155275
172905
144686
130505
129835
123178
125841
128186
115299
137249
109992
119772
121947
118525
121099
123325
117171
111272
131535
131368
113961
116309
