142502
140847
130862
153090
135763
145886
133197
126520
135477
134078
126253
137609
124353
124349
132539
124433
122066
116573
101894
138488
136507
108288
138249
123059
111975
97054
91810
95852
122267
107736
91939
110323
99034
89682
89715
109445
123716
151085
107127
123381
92947
92597
106853
95768
90145
92861
90076
99893
92727
93846
101803
120049
112413
131764
108867
106850
120183
109923
93525
90486
91205
91727
113235
129470
103881
120838
120134
150783
92779
90083
89974
117485
108353
116991
115056
90922
89190
102807
91897
96930
94679
116511
155038
128650
99505
96253
102134
102209
96012
89774
93896
117590
135931
118475
89765
101804
143114
134258
115449
101658
112376
92688
99131
108267
107720
100017
99401
94876
114625
106650
115356
95308
115485
105712
92572
94305
95161
110831
123771
99138
93449
93246
92636
92804
94335
108000
112618
130233
102149
93603
88977
91973
89990
110117
112405
130296
99082
90124
95006
112084
95667
90883
89792
89830
89089
90354
106660
136815
118933
109143
106941
103671
92535
102659
125801
98410
90291
105590
92966
110142
102379
90579
91635
99177
115049
97789
91735
88824
92261
96263
104275
97533
120864
98263
97365
93045
94464
95966
92536
92962
93890
95192
97679
95492
95565
96201
97186
98214
97136
100020
97099
92455
114199
97072
102070
118926
90558
128442
96089
99099
