104698
110571
113572
107554
103013
103272
104112
102409
118948
142203
162003
175633
149403
138662
155134
172124
202365
174800
151127
148716
105013
102678
107294
99808
105944
132354
131135
142188
104152
114384
113070
116863
129032
142032
127822
110461
114221
102641
110569
101884
106197
103215
115323
150079
155181
141487
101122
105580
105450
112978
131092
130816
130969
109327
126834
117911
105549
118049
118775
137854
133854
114128
99809
102790
110771
101865
110346
107482
127579
109650
103017
114510
113079
120489
100722
116964
126716
102183
109502
101298
123452
103253
113150
113967
134014
134151
107799
110045
102823
106351
102594
103921
128139
123731
119700
105639
108279
117292
126527
104190
111722
107707
102886
103101
102400
121594
111001
111661
107581
114640
107664
108959
105228
100221
111027
110466
111648
106418
112292
121484
113322
103486
117239
161752
149613
128910
113233
117945
105016
123306
133525
137689
116257
105762
128389
103712
105610
102283
112586
100674
106390
112975
103736
114225
116545
105226
116831
117465
111528
114644
131765
110334
109550
102216
100583
101098
134532
114669
135901
126895
102539
120264
113504
186052
139387
156439
140537
150482
142129
180117
148228
124128
127068
118599
111033
137023
130569
117823
103937
105684
109070
112741
168622
172542
158486
120833
106314
136706
127994
150027
136158
146317
123582
115271
117915
107292
133393
117953
109161
106795
