116282
116208
122643
123757
156609
144454
120983
115517
232877
142415
119247
152747
147828
125431
156769
134886
115616
148475
136984
143584
116182
149020
116622
112606
139616
122371
137386
118897
112174
163296
173807
132356
109963
131970
144196
138652
116416
129280
110914
120997
130156
134976
112702
167154
172031
169115
144557
156815
173621
159427
151947
134143
118524
121232
121900
160434
200980
127742
140585
110020
115268
111647
113494
124236
155776
178364
127174
164717
168391
138475
161413
155423
139855
166347
150947
157314
125994
116335
182001
201084
119909
116382
110370
116318
115543
116064
152562
154787
115358
151383
142186
137419
152956
116085
125425
143593
135460
121148
123640
124853
149781
194894
139007
126118
135639
163698
158400
148308
111805
108602
113382
119248
122652
127724
120384
111895
118345
116287
115735
129075
110690
115545
132768
127898
134167
147217
145986
117453
122190
119538
139988
122629
113894
129929
132628
120095
112945
118008
111007
113452
115678
130081
117399
115748
123955
120654
149344
127647
110595
142157
150077
145489
151237
158246
157953
151276
158022
149911
146291
149172
148526
157693
151557
154324
159801
153066
153476
156700
155763
150836
149829
153019
146293
148877
157904
155678
153883
149041
152555
158340
157489
155197
148601
151336
162967
148686
159472
158123
156814
152016
154405
154125
183035
157246
154410
146995
158646
146270
165587
160859
