17353
16109
15869
15683
15854
15675
16113
15862
15887
15862
16376
16068
16427
16612
16135
16517
15934
15638
15731
16174
16455
16052
15730
16311
16077
15664
15972
16215
16779
15580
16326
15667
16403
15546
15525
15638
18043
15709
15902
16663
16231
16139
16607
16138
16341
16183
16248
15907
16388
15907
16097
15875
16202
15973
16883
16461
15468
16176
16180
15342
15937
15710
15640
16000
16354
21769
16114
16384
16290
15683
16079
16353
15761
16767
18397
18625
18669
18279
16162
18341
16972
17264
17907
19706
17669
32236
17202
19038
16347
17259
18228
15715
15852
16494
16569
16847
18765
16159
16802
15900
16183
17463
17940
16179
15653
15902
15284
15803
15397
16296
15553
17574
27672
24308
15903
16724
18843
18736
16778
17565
16059
17265
17550
15891
18284
15697
16229
16997
15272
15682
15400
15002
15928
16153
16045
16450
15812
15303
16124
15847
17845
15554
22245
21259
15401
18900
28610
20108
29953
27429
29373
27603
27230
19732
17131
22015
25066
20189
15919
18677
19375
18048
24496
24213
26191
24545
15594
16023
21653
24937
26217
19113
15761
15168
16952
17034
17856
21337
18215
21599
25246
26610
24773
24171
25659
24651
27177
26402
24941
20001
17789
18594
23786
24571
20066
20344
18228
19358
17535
16023
