160065
152760
174072
184838
180189
161593
166436
160290
176379
164041
175305
183108
187248
176026
175413
168207
174073
160054
165395
162943
173431
190517
183083
177445
169535
169900
171385
166881
186478
170161
169103
180563
167489
166317
214805
176403
181484
176783
178541
171299
163962
162962
163604
165159
181127
167374
164791
167435
173655
173907
167779
170895
185796
182672
165581
171724
168087
167703
174369
169127
177877
170000
188623
186503
128495
133562
122159
118138
141807
130649
128786
126866
126931
123658
119913
118352
121589
129387
130854
135642
123072
135868
132784
124129
134564
119707
122086
127219
131170
131696
130451
149267
140725
116941
125501
121595
121393
148436
138589
123453
132282
131199
166122
147970
142422
139744
154936
139337
146380
168803
171055
164448
175510
186594
154664
136512
134712
131411
116852
156822
121288
129872
125800
130233
119916
127759
130697
134788
123485
141156
129336
127669
119613
122242
126794
124737
131533
176691
201828
139882
121164
135382
121509
124209
126797
125631
131729
128291
123753
120143
131462
117319
120328
138699
143651
122853
122218
121894
122317
121876
141538
129281
127073
122171
144113
121032
154112
125162
146795
210843
180958
150478
131554
121928
151398
124763
122682
138895
141709
122418
129081
121915
130907
121378
134489
146038
122478
126801
144945
122048
127902
126673
137900
119339
138594
129276
121603
137338
129918
166418
