158585
136792
129761
128703
127951
133976
135870
128926
142955
125805
146964
146813
141796
135531
144255
147158
141861
129108
136133
132975
140159
168239
149140
135144
149854
131209
134432
129348
132519
136773
149161
176712
140367
151158
213271
172660
130313
146618
128149
128305
151571
173681
164047
174288
167492
130176
146676
206994
216905
165717
136880
152658
142431
144470
136015
132111
138119
134825
171940
169984
167045
140418
146178
159332
139313
135877
143005
162913
134226
139429
144597
133551
154232
135215
154242
146952
141258
140065
131853
135247
135566
128739
203768
201601
184513
191964
189007
132481
163558
134561
138971
125775
168208
201693
140180
156343
156455
124775
129683
129770
139951
167474
190426
157444
156901
143941
143619
133452
137619
128688
132105
150089
167344
142221
143984
135905
139684
151238
131529
130117
136723
136130
139109
129332
136159
128362
128582
129257
130889
143265
142653
133349
150921
140282
147723
137818
135002
147285
141642
140184
146029
157285
149267
140312
132994
148919
165596
142915
136406
132215
135533
241245
197318
186640
135236
131154
134811
149293
136884
134795
133747
132932
156627
141732
148161
162745
165150
144930
148850
148359
152479
131850
133309
133712
141596
132034
159281
138126
138631
137060
128612
128183
132733
133225
140934
164909
182646
183352
186515
179971
195230
220869
211647
210806
223455
176321
181663
165006
171308
138024
