144755
185835
207895
202709
212935
217788
194793
206659
214283
205626
253127
188234
146314
144393
194696
178527
158731
134996
135699
142870
170943
138303
176691
154159
188788
183696
173551
141564
180957
158776
165747
177149
173263
154368
147727
171172
174351
176628
165315
136542
142650
134811
138110
160972
163733
173498
167770
163829
183217
162570
152137
150039
150656
142986
152052
142652
137840
188631
177965
155172
144760
167522
156498
182947
165917
155185
138288
145640
192476
140452
157900
147235
138326
173474
164361
173083
189976
167721
153082
178203
152895
143328
163928
165664
131756
160464
137796
184020
203164
186604
176889
143089
157528
140610
143936
153980
143561
175574
153629
138907
149485
166810
167192
167489
146305
183677
156973
177653
155609
164156
172470
164691
169247
157804
183407
173438
191791
177991
174571
137300
179162
180863
164171
176711
201389
166289
135839
162875
158055
146651
141506
149947
163173
173503
152952
153239
173899
155438
138258
141529
159050
155038
146400
154062
168406
156736
142820
169280
152868
148406
151713
150929
158398
164208
136761
167674
179003
145087
135884
145311
164463
140830
159777
133339
134985
140739
182494
178223
154299
153894
165102
154231
144345
185110
159487
176810
170840
153256
161550
138615
163846
146845
134124
152471
170824
156089
159784
158333
188426
155476
177405
152346
157756
161441
169026
150434
178930
163460
155753
159129
