151452
153761
161684
149878
186688
156663
143821
147904
146818
140213
145223
155101
189406
159959
138198
145266
136281
138566
161677
183557
142170
143929
149835
143902
180007
174074
183509
150447
149647
140807
159909
140230
169709
187502
214266
217922
195438
188506
194373
193991
189771
179148
171628
153775
172386
198498
227553
204483
194992
152010
139661
165119
170106
190141
180849
187437
175898
169867
183995
160323
180344
160988
160226
144013
171973
156634
169338
146307
142048
168717
139863
138604
146328
141033
137874
140718
156099
153269
140514
149196
147383
154373
158620
170287
144555
147118
144357
172824
192921
189375
174368
139747
143968
167444
177170
213956
225497
181476
208516
176782
168503
211062
195639
153705
138864
158606
140480
181588
185356
219344
171985
159766
152822
189631
157428
202080
169335
146679
176207
186205
204495
179693
161045
160379
189748
150572
152514
173416
149978
169786
179062
163825
167689
173616
156134
183803
179598
174041
171989
139906
160036
145009
141055
138869
143226
170289
158180
152243
172213
149479
141056
161049
161775
176611
173222
144136
139357
173666
165550
160570
156051
164633
180575
147214
160835
172606
168830
158977
164372
184233
170330
150802
138647
171190
167871
139629
154402
140091
154759
166673
156953
169965
173343
146021
178995
154328
148189
160195
139174
158419
155146
163934
140429
145506
149896
167902
144577
175092
138822
164914
