166077
153361
174801
181606
150562
162873
158718
169901
159577
194190
188079
159578
169980
155577
150105
145035
148495
170552
171274
150687
193351
155419
154090
148534
145635
149445
152067
145485
146411
151527
171275
182842
154988
167211
182761
155773
181214
147506
171232
203116
166137
156877
162330
147968
163490
176250
179182
164688
153304
180423
170557
157092
179543
150307
151255
149793
193762
196092
168749
155071
189046
149183
176155
148504
147011
146481
179360
150909
149174
162321
150972
176025
181005
157392
148656
171886
149839
172129
173790
190536
190459
151341
173906
147073
146845
156747
212999
153032
171664
146924
170545
166356
169614
144707
145993
142794
146864
146183
163203
157678
145204
183571
179520
148913
175818
181477
152017
166707
182288
155938
159337
173125
167698
172932
156973
163762
163458
159857
174558
174948
149831
163782
141369
142330
150485
147337
148292
167642
156547
161997
197068
159068
176848
151587
168519
163154
151263
146405
146201
149566
159149
144369
171976
178311
150945
151228
169600
175219
156318
170798
147268
149317
173399
149383
168810
167104
183101
184836
174445
168794
156094
183920
176495
174196
198135
177864
189659
159580
153151
175885
167568
198813
182234
190606
178875
157048
188921
171772
192731
194014
162502
160590
168149
186852
174821
161231
151291
173986
168384
170350
175381
175107
149158
165560
157748
157508
151617
148822
183581
151489
