168047
174149
178200
172210
197402
182698
168027
154047
164547
172026
172781
153188
148520
157340
154870
156573
197700
170851
178186
170998
170230
175649
167474
160622
170691
169982
194747
188389
166012
187794
186715
195107
162795
168180
154221
170708
161745
169235
174040
197397
193396
197597
164190
164357
226088
168579
191858
162456
176137
179990
161408
164114
154147
162641
198170
224089
174705
189530
176321
193704
217504
187662
190404
163078
174818
165990
171344
160970
172239
178478
173862
184612
168675
175906
204999
176848
171356
158240
157276
167581
173563
202403
184590
168855
153754
168111
171403
154607
160943
174379
153338
184926
161535
202791
182622
164572
186411
188524
178040
195087
203048
181124
183068
187695
177506
168276
163381
197172
222125
187421
182519
173533
170410
202819
174275
159741
209297
155094
197580
153964
192000
176421
153292
190790
209294
171552
174927
164170
160765
184252
161174
176358
168270
160959
151043
156547
167060
160570
174273
174651
160574
163490
164896
160857
165658
155368
161899
155602
154439
153410
168316
149886
154143
163670
181755
168941
170570
174190
162332
163003
153667
158147
155520
179965
165090
173922
154330
168378
156761
159845
219940
165620
180356
163073
180594
159798
164085
187275
163052
186486
165053
162112
152861
154052
163853
164825
162147
158264
159865
164642
156373
168780
147313
159302
153151
155515
171092
164785
159222
173992
