160727
166606
156966
162717
167955
173043
162129
159724
160648
193557
159381
178961
194732
159957
155796
167473
166565
153629
159318
162404
166725
166104
164241
167166
159097
166635
169481
195892
155850
173502
179720
161478
167642
187636
184319
163365
192050
173759
166842
170572
154420
163766
158641
162935
161320
166567
156549
173820
157308
163088
164129
152958
155119
154810
160735
156990
155804
175566
157743
156987
154694
157161
163666
165621
155916
157343
168121
174038
173016
170727
155872
171299
189471
161557
167743
155194
155564
157877
181471
187732
161077
158963
174942
162453
179743
182082
154020
154207
153864
158569
159905
155046
155608
185162
175011
165891
164794
156077
166709
155971
172066
179080
182905
155680
158906
150966
152445
153319
154908
154780
194303
161731
151084
157752
165832
151444
149985
164096
151512
153468
168155
158907
163120
176745
160841
158619
156133
154010
152847
155397
168696
180743
152206
161350
177849
159233
153478
156013
158385
153142
153423
151983
150784
150877
176198
188801
157404
151221
153275
161414
154168
155225
151534
152869
149102
149948
154308
151771
154222
150385
157227
153288
177150
192465
155257
172889
156259
177120
169711
164712
160519
177107
158738
181401
152067
178422
169029
188832
203140
174056
178877
196107
176325
196791
168662
195845
177977
183842
193912
157998
165065
198884
162895
179630
181103
167358
157690
159632
159556
163626
