189953
188069
162801
160293
170302
183378
163532
166176
185497
174001
195131
167967
169349
166984
169737
184256
160758
166331
168554
162719
166323
161580
202399
183615
185418
166540
163312
172206
190335
185550
163483
172376
169641
167470
164253
159103
164599
175400
189270
182645
155524
175831
173514
173039
166653
205423
180088
160335
179028
174585
196912
200463
173016
159809
170876
177215
192646
170244
161079
163603
175108
159833
176176
183576
161967
166688
164536
159230
169156
170715
159554
157619
169966
170826
170141
180520
168863
170394
158984
176624
167341
158362
159456
171641
169724
184646
167032
160883
173310
184762
177892
178168
188936
184834
171899
175626
166671
181446
162003
178509
162938
190279
178198
180297
165908
165859
162249
159976
173578
165119
168088
181290
181545
174088
166641
203852
191274
167947
173394
174667
189605
176296
168493
163053
160769
164822
159048
163591
166063
163199
164626
160311
157937
185228
165802
170596
171823
176986
178766
178734
164683
172221
160377
158197
164725
171108
172538
179504
164693
165341
164397
175638
160613
170482
176139
159095
193881
184419
159050
173212
164628
163814
171694
164594
163061
158827
162673
166121
167018
164625
165356
177891
162184
158816
167307
173810
168883
169040
183290
169086
160276
164294
195308
187258
168348
167777
182663
178168
183314
167833
165859
169313
169082
170011
165086
159874
162992
158613
168169
172788
