182631
177542
167249
175639
187687
166996
168523
201613
162901
175310
185417
170956
167121
164841
175522
170492
188998
183827
184761
179301
173765
187863
198187
179738
174837
163784
186307
180923
174377
189239
168732
170497
169153
198868
183320
178180
163434
164217
171533
167860
186848
179107
176074
169289
172513
162801
191225
189693
173179
169429
169940
177004
163678
180716
165631
215102
166929
163916
162071
164145
165505
199584
177524
174616
167333
180845
192248
167378
173442
166054
164022
164971
168542
171017
166328
166926
164519
176046
168159
185019
183962
174196
162678
185132
184786
182262
168754
170488
167710
161968
164633
166851
180601
174909
191451
172117
168943
169263
160436
168111
164719
199332
167638
164663
162956
179348
173770
166976
162492
174590
173369
182959
191467
183299
165346
179798
173836
188827
177822
177698
170916
175237
166503
184689
181236
180854
184093
182838
190187
199354
169765
196107
170805
171475
159398
197209
162599
205751
183891
168553
165887
191614
164231
161502
159176
165945
162341
175073
168981
178098
170246
169823
171263
174016
173276
170646
191558
196415
175732
176205
180219
184286
219352
208574
193085
182250
191689
178998
168650
173617
180660
168700
170266
181460
210422
185177
198283
193878
176888
196676
186480
194076
169644
186235
176402
182313
186949
229385
177731
188455
195398
183662
170627
166926
166637
172908
172412
171311
167783
169948
