168395
168237
185795
193011
192398
195495
199282
175300
184525
183482
193267
167008
194978
194996
177895
179199
187299
182468
190260
197794
204564
197718
202785
177159
169401
194954
230852
181510
196860
213838
165482
194241
171289
168735
201653
220174
208790
188691
198553
214987
224197
192159
167337
206846
212392
182047
177242
177041
187978
176111
182215
190127
193721
174148
175956
186340
209658
186914
209762
203598
211877
181007
205524
222267
213952
205802
194211
215819
173084
223053
184303
197402
200364
175006
186412
166379
189916
193149
216482
212668
199587
223389
190063
169191
222076
180338
166333
200154
185838
226428
210723
168523
192152
208959
202032
222797
165624
198274
215490
192310
227575
199204
169069
179989
197249
194640
190352
188248
217402
209630
185731
185334
184180
225695
200206
227559
187097
265922
209471
192551
223817
171648
188846
179145
213163
213221
176456
196424
177638
197653
169195
204116
227610
219783
204837
194810
205236
207810
165366
201101
228108
225021
221807
204912
177719
165071
187102
183713
206284
229667
170245
182685
192617
203014
215221
252242
196204
172521
177472
201875
173875
200470
199981
173699
193369
221953
192684
202488
172603
216381
177592
217464
205774
240619
176211
181693
190886
207791
201084
200816
183023
194122
225657
200892
188685
169980
192716
203482
172587
167941
244107
222848
222633
225445
271572
270723
222405
193716
196215
240355
