9
9
9
8
8
8
10
10
28
11
10
11
10
11
9
12
11
10
11
10
10
10
10
12
10
10
11
9
7
11
11
6
10
10
8
9
7
8
7
7
10
7
8
8
8
7
8
8
8
8
10
7
8
7
8
10
7
8
7
9
13
9
10
8
8
7
9
8
9
8
8
9
7
9
10
8
9
8
8
9
9
9
11
8
8
7
8
8
11
9
8
10
10
8
9
9
8
8
8
8
9
9
10
8
9
10
10
12
11
9
11
10
10
10
9
9
11
9
9
10
10
10
10
9
9
8
8
10
9
10
9
8
7
8
7
9
8
8
8
8
8
9
8
7
8
8
7
7
8
9
9
9
9
9
17
10
11
11
10
12
10
10
11
10
11
10
10
10
10
10
10
12
10
9
10
10
11
12
8
8
8
9
8
7
8
8
7
8
7
9
8
8
7
7
7
8
8
7
8
8
8
8
7
7
9
10
10
9
9
10
10
9
9
11
13
8
8
8
8
8
8
7
7
10
9
10
8
8
9
8
7
6
8
7
7
7
7
7
9
22
8
8
8
7
6
8
8
6
8
7
8
9
9
9
8
8
8
9
18
39
10
10
9
10
10
7
21
9
10
8
11
8
8
9
9
9
9
9
9
8
9
9
8
8
7
8
8
9
8
8
9
12
8
8
9
9
9
8
10
8
8
8
9
7
9
8
14
10
9
8
13
9
10
11
11
10
11
10
10
39
10
8
9
11
9
11
10
9
8
9
9
7
12
9
11
8
9
15
8
9
7
8
7
7
7
8
7
10
10
7
8
8
7
9
11
9
10
11
9
9
10
9
39
10
10
11
12
13
10
11
10
8
10
11
10
8
8
10
11
11
9
9
10
10
9
10
9
10
9
9
9
9
9
8
9
7
8
7
7
8
9
9
8
8
9
9
10
10
10
23
9
10
10
10
11
10
13
10
8
10
11
10
9
9
9
10
9
10
8
13
10
10
10
10
10
10
8
8
8
8
7
8
8
8
9
8
8
8
8
8
9
9
8
7
8
9
7
7
9
23
7
8
9
8
8
8
11
8
8
7
7
8
8
8
7
9
8
9
9
8
8
8
8
8
8
9
7
8
8
7
8
8
7
7
7
8
7
8
8
9
8
9
9
8
8
12
10
10
9
18
9
9
12
10
11
46
10
11
10
9
11
14
10
9
14
10
11
8
14
9
14
10
9
10
9
10
10
9
9
8
8
9
8
9
10
9
8
9
7
9
8
8
9
7
9
9
10
10
10
21
11
10
11
10
12
10
14
9
9
10
10
10
10
9
8
11
9
20
9
8
6
8
7
7
8
8
7
8
7
8
8
7
8
8
7
9
7
8
8
8
8
7
7
8
7
7
8
7
8
8
8
7
12
7
8
8
7
9
7
7
7
9
7
9
7
8
8
8
7
8
7
7
7
8
8
7
8
8
7
8
8
10
8
8
9
9
8
20
12
9
8
8
8
7
11
9
9
23
10
9
9
10
11
10
10
10
8
10
8
11
9
9
9
8
7
7
9
9
8
7
7
8
6
7
9
7
8
7
6
7
7
7
6
7
7
7
7
11
7
7
9
8
7
7
7
8
8
10
8
7
8
8
7
7
9
7
9
8
8
7
8
8
8
7
8
9
7
7
8
7
8
9
9
7
8
9
8
8
8
8
8
9
8
12
7
8
8
8
8
8
8
8
7
7
8
8
8
8
8
8
8
10
8
8
9
11
9
16
9
10
8
8
8
8
7
8
7
8
11
8
8
8
9
8
8
9
7
9
8
8
8
7
7
9
8
8
7
8
7
7
8
8
9
8
9
8
9
10
8
10
11
9
9
11
11
10
15
11
10
10
9
12
8
7
9
7
34
8
9
10
10
9
9
10
8
10
8
8
9
7
7
8
7
8
8
8
8
12
8
8
8
7
8
8
8
7
8
7
8
8
7
8
8
7
8
8
8
7
9
8
8
8
8
7
8
11
8
7
8
8
8
8
7
7
8
8
7
8
8
8
8
8
10
8
10
8
8
8
8
8
8
9
10
8
8
9
17
7
9
8
9
7
8
8
7
7
8
8
8
8
8
9
8
10
8
9
10
8
8
9
9
8
9
8
19
8
8
10
7
8
8
8
8
8
8
7
8
7
9
8
8
8
8
9
10
9
8
8
8
8
9
8
8
8
8
8
8
8
8
9
7
8
8
8
8
8
8
9
8
8
8
7
8
9
9
8
7
9
27
8
7
8
7
7
9
7
8
7
9
8
8
8
10
9
9
9
10
10
17
9
11
16
10
10
10
9
11
10
10
9
8
10
7
11
9
15
9
9
7
10
9
7
9
8
8
7
8
43
7
7
8
7
7
7
8
8
7
8
11
7
7
9
7
8
8
8
8
9
7
8
7
8
6
7
9
7
9
7
8
9
9
11
8
8
9
8
7
8
10
8
8
8
7
7
8
7
8
9
8
9
8
7
7
8
8
8
13
8
8
7
