155
118
116
117
117
112
120
117
119
116
143
160
121
119
116
114
110
115
118
112
108
111
116
119
126
108
106
119
117
118
118
116
114
120
113
117
115
162
110
111
114
105
159
108
112
108
149
106
107
109
114
109
105
110
120
119
109
107
111
111
106
143
114
111
106
107
115
118
111
109
110
108
123
109
129
112
110
111
109
108
108
119
119
120
114
113
120
134
114
115
115
139
116
123
110
120
111
115
111
119
113
106
120
104
109
108
107
110
108
105
103
98
113
124
106
160
125
122
97
107
106
107
116
97
105
109
102
96
97
85
95
89
87
97
90
87
93
88
90
98
95
92
92
96
101
94
91
96
87
94
108
107
104
107
104
105
104
107
102
116
100
111
103
103
105
169
106
107
103
109
104
103
106
106
100
104
106
110
104
102
102
108
99
107
101
102
105
107
110
110
102
108
109
105
119
109
103
99
102
114
102
102
105
133
105
102
730
158
99
88
110
96
83
93
94
109
86
89
93
98
88
94
112
89
93
92
93
97
86
91
100
95
95
116
97
102
96
97
117
92
97
100
131
118
92
99
89
101
95
101
110
117
107
110
105
119
108
102
112
110
150
145
105
107
109
109
105
102
107
99
132
106
108
109
104
99
106
98
107
101
104
122
110
109
106
108
102
103
104
101
123
104
107
107
106
113
99
109
100
107
103
115
105
103
108
109
101
98
102
117
157
104
104
105
96
105
104
100
113
101
122
110
110
107
108
106
111
106
113
109
115
105
105
98
107
110
105
105
112
105
112
107
107
106
111
106
106
133
111
108
108
113
107
109
109
114
169
110
108
102
120
165
131
106
109
109
109
104
109
108
105
106
103
108
107
124
104
103
100
106
96
110
116
118
109
109
130
108
106
107
100
106
105
99
108
100
113
100
109
143
115
109
123
103
109
109
107
107
106
104
107
109
103
102
105
99
108
109
111
105
113
109
105
106
99
106
107
108
103
107
104
118
108
102
102
107
107
105
100
162
105
102
111
108
102
108
107
103
137
100
108
105
107
131
105
129
112
107
108
103
111
103
110
108
110
104
105
97
109
120
108
100
110
112
117
104
106
109
101
127
105
101
111
109
100
102
102
100
108
103
107
109
102
101
105
103
110
99
128
110
110
110
144
103
126
107
108
126
109
107
106
107
129
106
104
99
109
107
109
117
102
126
104
103
103
98
102
109
101
109
151
102
100
105
98
108
99
107
110
114
102
106
103
105
96
111
113
102
123
208
166
111
108
108
108
113
129
296
109
122
120
121
106
108
107
113
107
104
130
104
145
109
113
107
101
105
101
125
122
114
104
104
104
104
129
110
111
108
108
114
110
107
106
105
104
110
103
109
104
112
105
107
104
106
105
102
111
108
104
109
103
105
102
102
103
103
107
100
101
109
99
108
109
112
101
109
106
107
102
114
103
100
108
108
106
105
120
104
101
109
107
114
102
109
108
99
100
157
107
102
115
112
111
112
108
104
108
110
108
106
108
105
108
108
103
106
148
107
105
108
105
105
119
107
110
103
108
105
106
106
103
101
126
101
107
102
100
98
112
102
103
101
183
99
131
110
107
106
109
100
147
110
109
104
103
101
103
101
103
109
108
107
104
121
104
112
104
111
107
105
103
107
99
121
117
130
102
107
101
100
101
99
107
99
102
148
111
109
100
100
110
104
105
104
107
103
106
104
98
106
109
103
105
104
103
126
105
107
110
119
108
147
105
102
96
109
114
110
104
105
103
102
109
112
103
99
101
107
110
99
144
112
104
102
105
105
109
108
107
107
105
109
107
106
106
109
106
105
103
103
109
112
107
111
106
112
137
106
110
133
104
109
100
103
110
107
109
112
101
108
170
131
104
106
99
108
112
101
102
110
100
111
104
169
116
111
101
108
108
110
106
102
103
112
119
123
102
135
102
106
106
100
109
101
157
126
107
102
102
113
111
105
112
105
100
112
106
104
105
102
104
103
112
103
107
102
109
100
108
102
163
106
119
106
102
103
107
101
104
99
100
109
107
104
101
104
105
131
106
103
113
107
101
100
105
102
106
114
103
118
120
100
97
108
106
108
107
106
118
109
109
104
104
114
107
110
105
104
104
100
134
104
102
103
109
104
112
104
104
101
101
107
103
103
106
115
105
125
121
108
105
105
101
112
103
110
103
104
99
107
101
101
111
106
100
104
101
104
152
103
108
107
102
105
103
117
106
113
166
113
107
98
139
102
107
105
112
102
103
116
101
103
160
104
121
102
114
102
101
145
113
123
111
111
105
107
118
108
110
113
114
110
110
110
108
110
109
107
112
104
151
106
107
109
114
108
107
105
112
104
106
105
100
106
105
106
103
110
104
106
102
102
101
113
112
104
102
107
106
108
101
133
110
107
127
111
110
105
111
106
109
107
106
109
104
207
111
114
110
108
110
140
108
107
115
104
108
110
106
102
108
107
105
107
109
124
105
105
99
111
108
106
108
107
103
100
108
106
109
108
