192
192
191
186
203
234
196
197
176
192
192
185
185
202
190
195
188
190
190
188
266
188
177
190
183
183
198
196
196
198
193
192
194
188
187
179
247
190
192
188
184
180
202
180
193
177
217
185
189
173
198
185
177
186
183
174
182
174
185
262
188
205
174
240
189
190
176
239
191
193
182
181
192
193
192
218
186
232
183
191
193
211
184
195
199
194
219
205
187
191
223
186
192
179
184
192
201
189
187
211
161
155
159
165
144
166
160
204
164
170
147
155
151
165
152
160
161
158
148
146
517
166
179
148
152
156
171
155
160
152
156
164
159
156
157
167
220
154
145
146
154
157
282
151
168
155
160
164
152
158
169
178
174
178
176
176
169
176
173
183
168
173
177
201
186
170
171
189
162
180
188
173
177
174
175
165
175
173
188
163
171
177
229
169
177
176
192
171
180
173
165
175
178
209
174
167
168
176
187
174
229
181
162
169
166
191
156
346
166
164
160
160
164
160
162
144
162
159
237
147
156
148
149
171
199
160
181
160
162
212
162
164
168
155
155
168
152
161
152
163
158
239
164
155
162
154
152
159
161
168
217
171
178
168
175
171
168
165
176
166
179
204
171
178
190
164
195
179
187
169
171
174
177
171
170
185
177
164
172
175
175
179
172
173
169
241
171
166
178
180
178
177
226
175
173
178
175
178
161
166
183
187
176
181
168
213
190
181
170
176
171
183
177
171
178
185
176
177
167
172
167
210
175
175
170
169
166
173
172
169
221
186
182
176
176
168
239
171
197
169
251
175
158
169
172
180
168
176
236
173
182
177
189
187
169
177
166
170
169
233
186
168
175
167
183
169
220
168
171
168
165
177
172
187
171
174
193
178
174
177
186
190
177
181
178
173
180
173
181
174
200
174
179
167
178
179
180
171
177
184
194
176
196
253
176
172
178
171
187
200
275
171
168
172
247
185
167
180
184
174
187
183
176
185
186
178
192
168
206
168
219
173
178
171
178
174
180
181
168
215
176
172
173
183
174
171
180
174
180
190
242
180
212
165
179
177
181
178
188
177
192
171
172
186
179
168
209
174
191
183
175
169
208
181
170
167
174
167
196
251
173
192
173
183
171
186
177
233
173
179
175
187
173
183
193
179
179
186
179
185
178
173
176
163
179
187
172
188
256
216
179
180
179
181
182
177
189
185
177
184
184
179
174
189
170
184
175
177
179
273
174
172
186
177
181
180
169
180
178
185
217
169
283
179
229
199
178
180
169
244
181
193
170
173
180
179
178
167
232
189
168
180
172
183
165
179
175
227
170
176
172
189
167
180
173
183
209
172
193
180
174
185
191
178
173
175
170
174
198
183
170
168
175
174
169
169
176
168
178
178
184
179
176
222
182
177
167
188
230
176
161
172
176
162
183
227
194
182
184
167
170
183
176
246
170
177
180
177
177
187
189
176
192
170
177
192
181
190
173
178
163
177
174
172
180
168
178
176
178
174
177
182
172
177
193
249
178
192
167
175
170
176
180
181
180
189
174
172
192
174
180
175
170
181
179
184
170
179
174
180
176
186
180
172
185
168
176
169
180
181
184
220
181
182
174
221
176
180
190
178
175
174
179
175
183
174
179
202
169
178
182
179
173
174
191
169
175
169
178
179
168
179
179
172
180
184
171
173
169
181
167
168
184
180
197
178
181
178
179
185
167
234
176
181
178
172
181
173
171
167
167
180
168
179
183
170
247
180
210
193
179
180
171
179
175
205
190
189
179
173
183
180
176
178
175
241
170
156
174
181
194
182
226
199
199
177
164
164
182
210
167
184
170
162
177
176
163
179
170
171
181
181
196
177
187
175
176
218
179
170
165
182
251
177
197
193
177
188
302
174
174
176
239
198
181
180
175
180
235
254
183
180
185
197
228
170
169
179
187
196
183
173
169
171
175
177
182
169
183
183
178
175
180
209
193
176
175
198
178
174
175
206
184
181
175
169
177
175
180
181
176
180
180
175
170
180
200
173
170
224
179
251
170
176
182
207
173
174
183
163
185
228
173
173
168
184
181
181
168
174
173
167
173
175
167
168
176
175
180
181
180
173
192
176
174
169
182
181
180
172
182
175
179
182
175
166
232
177
182
169
180
173
185
171
171
231
181
179
222
179
173
169
180
178
178
171
177
189
183
174
245
174
174
195
178
171
204
164
175
167
183
167
171
190
187
169
171
202
179
238
179
179
176
169
179
169
179
174
183
164
175
179
172
167
172
188
222
179
180
168
180
179
166
171
180
187
180
163
227
159
172
178
191
189
191
198
174
181
165
182
183
229
209
179
194
175
188
168
180
177
196
187
177
182
181
200
181
176
217
173
179
180
183
173
184
203
174
181
186
221
165
174
166
204
181
181
171
171
174
250
179
175
177
168
174
184
241
183
200
179
177
180
179
177
180
169
204
178
172
184
174
178
181
174
174
187
176
170
178
173
179
168
177
169
187
182
176
178
178
182
180
175
170
178
183
179
178
175
181
226
