277
394
278
258
258
274
256
271
262
254
256
270
263
262
278
267
254
274
289
274
267
273
276
257
279
262
278
273
280
275
320
276
286
263
271
292
271
283
263
297
290
276
270
286
283
323
263
275
244
276
289
277
274
333
289
279
266
279
280
273
403
298
273
273
273
409
287
262
287
291
259
261
247
272
329
278
282
272
348
263
337
274
276
286
265
257
283
277
352
292
281
352
257
268
278
300
255
255
348
266
259
237
281
230
222
264
264
314
213
222
204
244
226
231
340
232
244
223
229
217
214
244
236
254
248
320
239
242
223
309
232
228
226
270
239
229
225
271
229
244
353
231
323
214
227
230
225
219
226
203
259
260
247
270
243
242
273
247
260
253
247
300
254
264
248
279
275
259
261
262
269
263
289
309
246
268
257
263
281
242
252
245
254
267
250
270
273
255
257
268
259
271
236
247
260
260
259
267
259
254
230
241
232
235
230
216
231
237
270
235
239
219
233
367
237
248
242
242
216
246
215
245
257
240
223
282
373
252
319
260
238
223
240
223
232
257
261
263
234
208
243
263
239
225
246
244
255
254
232
232
271
260
283
260
263
255
321
371
281
262
242
273
291
275
252
272
232
276
255
273
256
293
262
254
319
257
254
265
236
258
246
256
274
243
271
545
242
370
258
270
257
257
256
270
271
250
248
252
240
240
258
252
262
258
278
295
267
264
266
261
256
254
255
261
260
243
310
260
268
253
261
263
272
257
251
265
261
257
236
296
240
263
262
271
250
269
259
269
265
259
257
260
264
272
275
274
259
266
262
257
255
265
268
260
262
258
284
260
247
255
257
252
243
254
231
262
253
250
257
285
256
255
263
251
258
276
309
257
264
261
260
252
261
246
257
300
256
260
262
245
257
271
253
254
267
245
331
241
268
250
254
265
267
245
243
257
242
236
263
250
236
267
240
271
246
275
270
238
267
259
261
241
256
266
263
301
234
279
256
257
511
259
260
250
276
279
260
257
342
240
275
269
260
333
247
249
247
260
241
252
256
251
296
256
266
253
258
267
254
268
257
255
256
255
271
249
253
237
269
267
245
268
264
245
326
254
317
243
250
314
276
258
249
261
265
254
269
249
258
275
376
250
338
260
257
261
267
253
258
265
257
270
292
262
275
325
250
320
269
255
281
244
263
275
319
256
261
260
341
245
294
284
244
256
274
252
252
273
262
260
252
292
279
259
283
242
257
255
270
257
258
253
242
257
264
249
303
262
314
314
274
253
262
259
296
288
354
346
260
344
256
262
262
238
259
264
258
272
279
259
248
256
263
239
253
248
264
245
240
263
258
246
276
266
261
263
279
263
384
269
255
295
307
259
311
237
368
256
260
257
249
260
257
249
325
261
239
256
233
263
242
259
255
249
254
258
252
335
264
252
255
258
272
243
245
283
249
266
248
235
267
251
352
252
254
259
257
254
263
257
237
258
266
259
256
255
315
243
253
272
263
260
248
268
226
252
292
269
364
284
252
249
364
279
261
261
263
247
412
239
296
255
254
251
263
262
255
259
262
254
273
311
265
268
256
258
323
258
258
251
283
257
260
248
261
298
256
242
307
265
250
263
311
266
314
243
295
257
250
259
241
263
243
315
280
268
251
258
263
254
271
271
292
249
242
264
258
249
397
251
241
258
269
257
328
260
250
308
252
367
288
255
256
256
244
260
300
256
256
268
270
255
236
265
274
250
248
244
272
265
256
248
255
235
248
242
237
261
243
235
271
239
250
269
235
256
254
257
261
254
373
255
256
258
295
255
258
254
301
252
253
294
258
256
245
253
285
270
263
347
256
247
252
261
255
252
232
259
254
265
258
253
256
238
295
278
259
245
249
241
258
261
286
251
256
344
245
239
290
254
272
269
261
255
246
251
256
253
236
256
254
249
253
280
265
267
259
267
250
247
232
248
261
252
258
324
278
255
286
268
263
255
268
257
251
257
282
262
243
297
241
273
270
254
250
317
248
248
341
277
246
261
252
254
265
257
255
246
289
248
249
273
284
262
246
244
230
251
253
256
250
267
229
254
255
384
265
254
257
253
247
265
250
263
247
249
258
251
238
261
240
327
412
256
256
262
258
242
255
1074
242
257
259
252
261
248
236
234
259
264
252
258
237
347
272
253
250
269
248
233
250
321
241
247
263
249
255
272
253
255
252
273
289
243
253
242
326
265
323
257
354
268
279
260
259
251
281
257
255
277
256
275
284
260
255
250
256
294
252
243
273
250
365
250
259
259
231
245
251
251
279
259
265
247
257
255
261
265
269
263
259
256
296
270
246
267
262
268
247
255
238
256
256
233
275
268
349
378
246
261
266
260
261
254
265
265
259
260
263
267
261
263
240
265
297
264
266
531
261
267
248
267
242
260
258
255
330
251
260
260
245
354
239
246
230
256
240
266
231
287
248
258
245
265
259
258
261
256
364
297
269
255
247
260
254
262
262
254
264
266
257
302
230
256
254
262
252
262
261
243
