365
722
412
383
366
367
362
368
377
363
377
380
376
376
351
371
375
335
359
363
370
620
340
379
390
368
369
427
366
375
455
369
369
447
366
375
379
372
339
422
338
347
372
379
380
337
356
373
377
362
435
361
316
462
363
363
431
373
360
373
441
365
346
343
364
391
404
348
348
370
370
414
392
353
362
370
367
359
386
361
450
369
349
356
332
358
372
374
409
403
348
376
401
362
367
362
383
408
358
439
300
307
333
321
357
323
276
318
318
303
417
323
319
315
275
308
301
298
298
295
307
327
282
316
290
330
331
302
309
358
287
325
296
305
294
313
305
318
294
308
307
451
288
336
323
342
478
482
314
325
346
383
341
329
348
381
324
357
343
339
350
358
341
350
357
366
358
373
345
351
347
345
348
375
349
418
381
353
338
343
431
353
340
448
347
338
359
380
404
349
363
366
347
331
330
332
421
395
347
328
355
300
455
374
319
347
403
350
339
344
360
323
353
392
326
385
429
307
301
300
368
416
293
288
605
306
338
337
330
304
289
313
280
364
308
308
350
311
308
310
315
315
331
312
320
349
309
351
308
315
357
348
358
330
358
371
343
339
349
383
335
346
395
337
334
376
343
350
349
351
323
620
321
355
354
343
327
356
336
392
377
365
364
357
422
350
378
366
366
318
353
341
339
350
344
344
396
350
345
399
370
361
359
368
344
350
347
346
334
358
350
362
349
350
451
361
345
364
382
399
364
370
344
396
385
330
425
348
360
344
331
325
361
360
339
353
342
347
342
427
344
365
431
374
348
350
480
347
350
365
338
342
338
351
345
337
363
367
370
354
361
413
319
354
368
393
353
348
313
357
340
345
331
378
338
360
390
344
325
347
361
341
331
356
381
356
337
370
377
351
561
350
357
357
396
352
344
361
357
362
364
383
338
368
350
377
380
360
345
351
342
348
342
430
354
360
347
343
345
370
368
324
406
322
360
338
346
332
341
394
363
358
358
337
335
423
350
353
387
367
348
366
346
361
351
348
338
351
343
376
422
365
331
346
345
348
361
376
347
348
390
346
345
370
437
347
354
390
347
352
356
373
387
341
346
349
345
357
432
344
344
349
344
319
363
392
351
345
356
334
331
408
356
412
322
345
330
351
328
348
376
420
384
387
376
373
346
351
339
352
350
376
335
332
343
336
357
351
344
343
427
343
341
352
441
337
337
428
350
349
348
336
370
348
349
347
348
358
356
337
314
817
380
353
341
378
348
342
348
423
347
395
346
346
362
341
348
357
344
348
342
392
357
349
333
423
463
371
314
478
649
358
347
434
357
345
356
1295
371
320
382
329
348
349
323
332
357
348
514
338
344
343
406
338
358
337
347
331
411
326
355
390
537
319
348
379
342
419
353
345
341
332
361
353
337
350
333
393
386
354
351
342
355
334
352
414
318
354
359
335
349
355
355
346
361
362
344
352
358
339
423
360
466
347
330
339
407
337
346
382
350
331
436
351
345
353
347
361
435
328
441
347
321
400
341
349
337
740
347
341
341
346
331
340
327
353
326
348
373
333
349
478
322
332
357
340
332
333
342
384
360
351
384
367
351
334
369
348
348
348
368
344
350
394
381
344
345
404
349
418
366
349
350
379
370
374
417
330
389
1319
347
423
548
348
347
319
350
356
353
350
350
351
317
346
386
365
380
365
360
374
331
333
344
340
339
342
344
416
336
325
343
411
341
348
357
425
515
348
350
345
383
387
322
411
351
356
390
401
324
349
344
356
328
338
886
326
344
410
318
337
338
341
412
393
314
343
453
354
378
370
374
334
344
345
331
337
419
400
339
361
337
338
341
336
348
369
351
342
341
343
339
341
349
338
333
377
708
347
341
375
368
348
356
403
360
351
352
354
354
401
360
338
344
351
333
427
349
347
322
378
345
328
337
443
338
406
342
375
337
335
357
339
333
343
325
332
334
332
337
353
401
367
344
332
372
331
407
337
349
331
318
371
346
351
352
342
349
342
456
334
352
425
326
340
389
351
351
352
349
355
344
365
370
340
365
335
455
371
343
328
405
366
337
346
390
317
417
369
352
346
326
351
445
340
403
356
343
351
351
363
366
352
438
391
344
333
340
387
350
350
347
343
346
342
346
331
345
348
345
466
349
353
363
341
325
415
343
344
365
351
316
343
353
331
349
331
345
348
337
348
312
369
357
349
336
342
327
323
362
423
353
482
396
357
343
322
369
317
341
350
372
360
332
353
386
355
358
349
356
351
319
339
410
349
474
373
349
361
397
352
343
340
349
332
318
371
357
349
352
342
351
424
325
343
333
350
364
454
427
318
444
352
351
453
347
346
348
394
344
407
387
353
362
343
349
444
317
366
361
348
318
392
351
346
390
353
353
360
447
402
319
337
349
337
358
350
346
361
353
392
354
361
409
435
343
340
363
335
332
365
335
401
351
359
334
365
341
349
337
354
352
361
349
340
329
350
359
348
378
407
321
370
345
401
342
349
349
365
367
343
