482
478
485
483
474
480
502
515
472
462
509
469
493
474
460
468
560
494
481
454
464
502
493
473
517
453
505
503
481
491
502
485
485
463
466
502
470
493
587
504
596
511
488
511
472
474
460
550
624
504
492
515
488
519
534
486
497
512
457
476
464
518
514
478
484
590
477
436
474
462
497
530
480
500
494
499
530
518
484
500
525
529
465
564
482
719
471
487
476
488
539
482
520
527
474
621
505
463
451
469
407
423
484
467
378
487
549
412
416
475
358
393
383
385
399
392
356
433
419
431
441
412
500
512
441
457
590
468
431
376
418
372
397
414
372
394
374
462
431
521
414
375
369
427
380
413
429
382
410
388
440
430
489
452
454
427
500
435
457
488
419
441
462
438
434
438
437
405
453
534
432
440
534
473
464
447
483
480
469
447
440
462
456
477
447
461
451
467
437
443
510
440
443
453
415
462
457
415
444
446
402
451
425
467
433
448
393
438
464
417
414
394
424
401
457
399
406
419
410
372
429
348
411
396
481
479
383
398
408
447
402
378
512
411
401
360
439
403
422
398
404
401
437
427
488
514
415
558
470
396
630
519
433
505
526
445
462
470
470
482
483
470
478
463
452
505
820
423
447
469
452
468
452
432
471
444
439
492
544
476
453
450
414
451
455
499
465
479
469
485
489
463
493
475
447
449
480
481
647
461
462
475
457
451
477
474
549
442
558
487
434
438
432
446
433
419
441
510
447
439
462
448
442
474
477
463
449
448
439
453
479
555
474
542
443
445
471
481
439
474
540
446
415
448
454
413
454
475
453
470
528
470
450
441
803
459
440
473
433
442
431
516
464
439
452
438
460
528
472
530
432
436
423
448
423
432
449
481
435
441
444
448
526
450
431
436
444
543
449
439
441
449
439
410
522
460
450
444
444
451
455
466
469
446
507
477
418
511
472
476
405
440
707
438
444
471
444
443
440
467
474
443
438
445
456
443
456
447
480
434
502
440
426
436
431
440
688
455
480
439
438
466
443
453
432
490
435
438
435
447
442
505
437
438
474
427
448
646
517
438
448
472
450
451
610
562
448
449
441
509
453
422
441
459
440
443
434
453
438
436
432
444
432
413
439
618
465
447
437
471
507
461
446
485
526
432
455
519
588
428
493
600
458
438
454
453
425
416
445
438
439
473
487
453
439
448
479
539
521
454
510
445
445
446
437
455
466
489
459
469
461
467
440
464
470
460
513
470
456
755
557
603
446
438
515
452
441
446
417
442
464
435
461
470
466
418
558
436
426
443
433
421
456
455
443
433
443
462
438
436
442
468
450
616
437
435
441
528
477
440
438
452
425
439
457
516
442
441
445
446
537
438
480
421
440
559
462
441
448
623
418
445
491
415
455
434
486
445
447
552
501
420
438
539
458
438
428
418
437
444
439
413
520
435
442
420
503
426
470
494
435
427
455
426
438
475
500
1072
547
441
451
458
454
446
440
449
448
438
452
534
460
417
449
454
427
567
478
460
454
439
465
467
463
496
459
445
499
565
590
494
459
442
467
449
434
440
396
474
453
446
491
450
520
440
464
636
513
463
483
503
437
470
444
466
474
401
459
475
511
463
412
445
440
436
475
443
447
437
445
427
459
437
460
469
457
451
445
413
440
455
441
486
468
447
454
407
457
435
456
443
516
438
444
435
444
402
440
443
493
442
462
499
457
418
432
420
459
429
432
441
490
484
415
441
452
445
520
529
544
453
528
444
439
434
434
459
492
459
444
445
481
488
419
441
448
462
565
448
429
435
441
436
454
442
440
495
480
442
424
460
446
449
439
512
483
444
454
512
440
509
449
458
434
445
448
515
470
448
420
440
455
565
413
431
434
435
502
445
471
447
431
464
423
470
424
448
586
440
446
464
458
472
487
471
414
428
916
451
462
430
520
451
400
447
535
470
458
511
443
430
445
465
470
452
559
451
423
439
493
460
454
414
437
450
601
457
436
440
463
438
438
425
510
414
433
446
438
480
402
440
517
447
516
468
441
448
417
451
452
459
445
478
455
469
448
434
460
445
458
452
505
445
444
423
450
471
476
448
460
435
442
508
502
445
445
488
459
467
462
450
414
481
434
475
423
443
479
517
441
447
551
441
441
438
422
455
446
449
452
454
541
452
511
455
481
471
428
436
475
461
454
448
494
475
438
466
478
443
460
468
444
453
433
506
448
460
450
454
427
475
447
451
435
439
466
489
436
456
497
447
412
453
464
523
487
514
437
535
461
449
463
470
454
444
436
452
439
467
448
447
468
446
472
474
494
473
407
427
444
468
486
517
423
437
471
450
526
465
416
443
468
475
527
453
455
447
530
464
450
483
476
497
458
466
469
435
454
458
453
433
612
445
511
446
441
451
431
532
553
996
458
447
460
450
504
478
864
448
465
463
514
470
473
462
451
465
447
461
447
576
441
620
390
434
439
444
455
430
448
444
484
498
450
445
445
432
456
398
437
458
417
449
436
461
445
423
429
483
503
487
