577
606
632
765
797
633
584
585
600
589
641
772
632
641
599
915
592
698
592
874
691
625
655
613
609
559
590
558
646
641
585
586
598
654
625
637
645
614
646
636
575
705
621
610
617
602
657
616
632
611
598
635
627
622
572
609
637
603
573
593
595
596
597
743
599
753
1434
608
653
592
606
686
671
627
727
640
635
588
601
553
610
592
680
682
583
590
572
583
614
649
675
641
610
614
617
582
589
619
569
619
452
441
469
590
792
603
648
674
556
513
468
527
468
610
569
476
476
501
535
452
491
526
523
488
483
751
519
532
469
506
818
537
535
511
500
464
484
568
494
500
496
486
481
455
575
493
497
487
520
498
548
594
559
562
542
590
658
541
571
550
699
548
572
613
629
562
554
550
583
537
551
582
600
635
568
545
544
566
541
581
551
626
592
846
629
571
569
561
552
552
591
636
551
551
536
549
553
545
548
626
594
899
609
635
782
509
524
653
549
515
523
525
526
534
495
656
576
995
488
519
572
551
792
573
663
655
580
577
576
595
605
517
478
502
506
584
579
496
515
521
474
484
605
1066
542
645
548
511
547
503
584
510
612
554
623
552
600
594
554
526
548
560
521
554
656
538
512
572
544
547
582
652
587
576
593
562
795
582
699
700
583
598
583
607
578
581
584
766
618
640
575
558
550
557
650
558
552
629
531
578
586
560
569
567
525
571
571
538
579
570
551
535
550
505
592
564
568
570
580
600
571
617
1244
575
741
542
525
546
550
623
626
556
551
514
551
571
578
582
680
586
535
543
610
658
634
572
561
557
593
564
571
552
551
631
549
587
547
628
566
563
554
538
607
611
522
554
566
570
569
557
554
554
595
567
549
547
550
561
649
545
559
565
601
651
559
535
562
530
590
505
551
562
625
590
545
648
577
551
620
527
543
548
545
533
533
561
627
569
533
563
546
531
641
539
549
599
515
562
555
551
563
813
574
541
540
638
548
540
556
579
558
533
589
541
1017
570
590
576
554
652
567
553
532
794
533
542
557
561
555
518
559
565
580
555
668
545
558
545
533
552
571
566
588
564
575
542
540
548
536
535
535
543
528
539
550
546
542
617
545
554
568
543
557
561
553
548
605
582
620
563
539
553
609
535
532
566
509
614
541
561
532
592
546
634
700
592
552
621
557
639
550
589
575
581
635
568
808
600
567
572
677
639
536
785
555
559
588
595
542
531
596
553
583
633
776
617
595
602
592
604
683
603
714
569
1170
620
593
579
545
584
545
551
611
546
539
560
593
561
517
557
584
585
556
558
546
632
535
569
547
538
694
632
588
596
498
511
541
544
557
552
562
538
639
576
572
781
551
557
559
554
568
563
552
567
571
551
571
551
559
586
557
550
572
594
549
551
547
573
660
567
566
533
591
590
552
565
649
606
568
546
533
653
556
617
607
769
550
550
577
597
626
674
673
610
626
571
681
705
549
621
575
652
547
619
600
563
578
567
568
580
795
544
553
593
566
566
561
560
507
540
535
595
571
609
638
648
547
814
574
607
559
562
577
578
584
552
570
558
599
547
603
566
552
566
544
724
566
697
616
652
538
641
584
572
574
592
640
634
532
538
543
530
564
563
625
597
570
677
543
658
601
601
587
566
564
592
642
574
570
672
663
602
582
573
569
571
548
550
571
569
540
557
589
637
613
573
550
550
602
549
561
716
568
574
539
600
593
597
701
610
594
533
660
543
539
555
573
580
525
609
614
677
577
567
580
588
613
598
649
547
624
668
592
590
587
573
560
532
525
535
636
602
631
557
574
617
602
599
577
583
554
621
566
676
573
553
617
538
584
636
553
547
551
570
540
560
551
624
558
557
554
600
608
610
602
640
631
560
540
568
619
552
544
617
588
630
605
571
557
548
535
653
544
561
552
556
565
564
577
605
561
591
559
554
567
572
612
625
599
570
565
589
564
579
589
557
563
527
537
519
598
584
538
520
579
596
538
551
628
577
715
562
775
660
573
569
608
576
555
621
586
577
562
568
571
562
592
579
629
564
601
571
564
552
550
604
588
542
544
536
716
719
577
585
579
652
582
560
708
644
553
611
602
543
629
564
551
537
552
595
641
562
577
521
566
555
606
612
563
600
538
563
536
564
551
525
556
637
504
568
536
561
545
547
555
609
654
733
611
550
619
601
560
598
576
568
695
617
560
621
629
648
553
623
539
645
607
546
506
544
529
529
566
597
536
573
677
523
551
671
607
575
574
623
548
547
572
601
554
548
636
686
560
644
665
555
616
600
548
664
652
633
552
600
654
635
608
537
575
663
629
644
613
572
558
557
543
533
560
580
566
671
647
570
552
648
590
613
655
602
541
574
598
597
568
592
556
567
539
622
641
551
600
558
557
852
655
608
563
587
539
580
565
612
557
546
572
530
602
605
535
510
575
543
532
530
530
605
562
522
635
551
675
548
580
568
660
586
608
586
559
549
562
642
560
580
657
596
569
565
556
587
1092
561
573
768
562
674
600
553
