842
709
692
687
729
715
781
788
699
698
682
756
805
759
656
706
758
787
692
697
704
669
704
778
836
710
709
649
672
847
792
678
721
716
745
709
744
708
680
884
756
775
725
715
688
849
709
709
716
792
766
713
732
688
697
754
687
722
851
858
688
718
757
724
761
695
723
846
690
672
690
708
697
691
679
707
739
707
676
700
764
725
706
734
819
719
727
692
694
824
715
797
660
697
692
706
860
703
694
753
566
601
548
626
561
748
640
663
640
563
613
744
629
751
604
563
577
610
567
710
594
589
638
727
564
586
669
714
797
793
629
785
802
647
557
570
577
615
582
687
549
562
773
573
564
550
612
544
600
619
692
690
668
726
667
672
699
681
677
696
671
689
705
687
719
744
664
670
675
711
709
782
715
693
671
675
636
646
640
670
640
675
678
682
689
699
701
693
719
681
640
773
752
691
709
682
698
705
830
701
669
614
867
672
604
659
1054
962
696
611
587
622
707
554
545
663
620
597
636
579
805
776
629
646
715
670
641
574
722
732
715
778
690
713
626
630
592
617
676
772
771
644
682
601
810
672
635
586
605
624
654
705
683
706
681
719
759
759
779
747
688
746
718
717
689
721
704
757
770
666
701
676
762
763
713
971
841
662
718
711
734
776
729
690
632
720
704
684
741
752
653
677
664
775
647
692
685
653
702
937
685
742
712
677
672
668
661
678
696
671
706
685
676
667
727
778
963
731
742
725
678
669
670
690
681
684
701
746
743
686
673
707
721
733
734
746
634
697
679
671
701
749
713
673
695
669
698
785
713
667
662
659
634
681
735
671
667
653
700
735
765
986
764
637
681
674
649
660
786
631
663
674
682
649
720
683
801
771
652
625
645
683
667
661
714
640
697
655
643
788
619
671
657
658
670
687
636
649
680
761
650
673
695
658
737
663
672
684
674
659
708
738
649
652
714
780
672
630
655
724
754
691
715
649
740
792
742
1230
666
724
706
706
765
672
664
695
685
647
655
672
680
719
689
753
665
691
652
646
709
708
763
668
692
652
714
688
776
658
651
650
683
745
710
640
688
642
680
705
725
728
671
654
646
661
733
742
647
643
691
679
682
714
785
757
796
689
653
664
725
716
771
715
682
648
685
684
718
668
629
661
670
672
794
677
667
744
659
624
645
747
676
880
799
688
724
742
722
747
733
725
664
772
741
752
14927
728
740
704
719
703
724
833
695
709
745
741
905
722
710
713
680
773
688
925
1916
882
751
699
776
845
677
709
660
757
673
670
663
681
721
762
794
709
693
695
725
680
718
796
674
1014
781
798
651
716
667
690
765
822
746
684
683
666
658
690
744
672
700
707
708
691
701
680
701
806
683
649
650
676
682
720
671
659
709
657
692
711
704
723
674
707
695
855
733
751
710
685
754
787
701
709
709
783
840
703
792
880
710
734
694
679
686
687
670
647
673
653
680
765
735
668
669
696
643
689
690
696
693
707
709
699
660
718
708
1060
651
750
667
767
748
734
717
741
727
828
738
714
702
799
750
842
700
694
687
767
721
668
689
721
751
697
696
819
708
695
700
744
747
767
739
685
654
711
834
705
734
896
698
814
769
719
657
734
741
686
747
718
724
661
677
803
689
683
669
655
703
688
672
651
658
650
655
716
739
1114
722
687
669
761
731
694
662
691
692
724
813
805
696
707
736
714
714
750
654
648
646
691
713
715
757
701
737
666
736
735
672
679
822
705
711
708
676
786
696
758
660
672
705
654
720
704
695
688
676
691
752
689
777
749
687
691
753
735
682
749
694
992
719
661
800
727
702
653
750
799
760
734
694
714
776
712
706
719
639
679
720
661
838
684
1051
858
672
721
696
771
787
662
706
677
760
737
785
960
863
891
869
744
776
660
813
700
729
666
614
687
608
651
716
699
716
743
699
699
672
675
703
690
735
729
697
682
681
639
798
689
675
632
650
630
637
685
686
661
713
664
697
708
685
677
688
627
696
666
683
670
667
680
815
762
752
660
717
664
670
685
679
813
704
696
686
706
672
780
641
675
636
679
759
775
698
665
663
774
722
671
664
690
679
727
773
770
674
693
728
820
718
747
704
689
720
703
677
677
655
828
760
669
659
683
679
666
647
682
795
734
743
741
723
724
668
658
707
661
715
657
635
672
715
656
655
825
738
699
694
636
681
718
711
673
673
650
670
687
724
770
771
681
654
665
692
673
665
701
667
697
650
679
692
759
690
692
674
705
650
686
742
706
798
702
656
674
676
669
842
699
670
662
642
582
683
721
739
686
698
688
713
686
699
700
746
738
791
842
819
759
838
777
796
758
770
816
816
655
719
757
738
698
725
795
686
671
763
724
675
683
697
778
688
732
712
772
683
733
745
687
713
681
686
664
706
698
695
800
820
736
1286
717
696
732
722
1090
739
690
876
698
731
730
684
653
766
727
827
708
873
716
695
693
645
744
667
756
769
832
633
756
664
728
627
654
767
656
660
625
674
663
705
636
664
643
695
644
