896
887
1000
838
830
835
816
797
848
842
857
870
848
830
920
871
869
987
792
935
871
948
915
881
947
846
1055
1018
880
951
803
812
968
996
859
961
1024
818
923
854
832
938
864
928
837
876
845
918
862
1012
829
844
879
891
827
892
843
835
843
893
841
835
899
842
902
935
857
824
847
848
819
799
884
883
896
861
984
868
845
866
927
812
975
855
913
913
840
873
853
864
973
792
795
851
883
848
835
936
833
856
648
708
1020
862
1138
731
818
929
711
715
711
648
835
634
737
774
712
804
707
814
713
821
666
653
743
669
671
696
712
836
680
718
695
691
716
689
665
706
766
801
840
740
804
713
739
824
667
695
694
657
820
928
844
797
892
974
779
827
869
907
775
809
835
884
781
809
907
878
796
1244
796
767
770
922
833
811
783
773
803
817
1362
791
824
917
820
843
829
804
909
862
841
822
811
1009
801
774
833
801
798
792
696
805
885
804
809
878
818
839
759
1435
785
738
777
706
734
848
676
700
889
776
787
819
718
684
757
745
762
780
779
716
733
731
796
786
791
775
736
795
770
769
760
746
911
889
672
742
721
818
767
725
800
954
794
795
812
792
843
850
809
795
818
855
819
808
918
842
762
755
923
861
843
887
915
844
805
868
883
835
850
802
846
801
797
944
811
797
829
806
822
871
805
807
835
790
778
971
864
855
853
894
880
806
962
974
814
831
806
807
913
818
848
819
837
797
961
759
861
1109
823
845
857
904
879
853
899
868
870
839
883
813
922
943
871
916
818
972
908
920
842
836
863
816
862
864
885
893
784
932
808
810
1025
823
789
845
816
806
796
797
804
844
821
787
821
830
807
798
868
908
803
935
866
848
942
806
854
823
810
852
776
780
834
792
1108
922
781
795
805
782
836
814
774
814
797
801
870
893
878
821
865
793
863
837
822
788
872
781
787
840
857
834
805
827
820
788
1182
851
788
797
812
800
834
805
799
905
782
814
834
788
863
900
783
878
923
785
815
777
814
793
762
802
805
776
788
769
789
766
939
767
805
822
785
808
834
863
859
806
777
807
869
791
846
842
802
819
801
784
804
810
854
841
828
803
785
773
820
834
764
802
803
854
887
855
873
889
811
797
773
896
847
807
826
790
758
827
895
834
791
790
816
819
1104
927
832
811
803
863
809
843
950
823
946
813
795
785
848
860
766
956
863
816
891
964
886
864
905
916
871
732
931
838
823
841
983
866
792
986
862
932
866
848
887
872
836
817
832
920
784
866
817
977
851
1248
817
808
824
847
1033
950
895
785
985
822
846
867
1077
879
825
849
864
836
950
1003
944
1017
939
844
798
844
1029
834
892
820
838
826
911
808
759
822
866
970
820
834
832
772
823
841
837
902
873
806
1285
883
802
861
769
860
880
870
842
814
858
933
1128
906
852
801
839
797
856
904
869
746
822
907
816
884
778
841
770
819
931
852
846
811
783
881
816
855
854
844
792
882
1076
823
883
811
880
800
764
911
794
872
822
887
854
816
796
830
949
849
848
834
836
974
845
828
881
822
878
824
922
849
808
848
954
862
808
905
928
897
839
867
817
945
933
841
828
979
828
912
918
849
839
861
821
811
812
819
1033
864
786
840
902
844
789
852
891
851
879
986
819
822
903
880
847
875
844
1006
832
894
977
827
816
868
842
810
968
842
813
877
844
881
947
933
818
939
916
924
802
943
899
845
991
892
823
876
895
849
850
821
827
862
843
812
822
919
779
905
820
934
824
841
908
941
839
811
949
847
808
933
848
1178
841
835
854
802
820
775
858
887
853
900
780
944
844
811
803
866
837
815
810
823
824
772
841
958
851
938
874
851
825
909
847
823
856
840
1155
944
822
823
797
783
890
784
919
888
851
791
787
949
849
880
903
915
840
816
875
821
809
846
831
849
771
791
889
792
792
809
837
844
910
1008
809
981
855
825
831
766
850
806
765
805
792
779
852
775
845
849
824
839
911
777
831
747
767
840
810
819
823
858
829
776
883
946
1164
876
785
790
794
793
821
862
827
792
783
774
802
793
754
796
848
799
852
816
776
857
795
788
842
804
860
825
1164
883
805
792
820
813
861
882
789
1116
799
799
820
822
778
783
761
752
830
777
847
826
782
1118
807
798
841
791
810
805
779
904
794
806
945
834
798
780
845
780
808
820
817
811
807
800
827
814
826
850
792
806
831
777
883
889
823
815
825
855
1001
825
798
834
879
819
791
804
838
872
867
877
806
844
1133
865
838
852
886
857
837
941
797
862
869
885
817
878
819
929
819
875
828
852
862
850
830
939
748
1215
844
1058
906
991
941
854
816
830
849
830
831
839
840
879
825
940
913
816
871
872
875
845
881
857
938
1031
875
876
1521
886
806
982
848
746
809
773
853
899
820
867
782
822
832
896
930
878
814
842
834
872
890
885
958
863
848
832
814
865
819
974
919
945
813
937
926
839
847
917
807
848
944
847
828
937
883
820
879
1042
845
829
954
897
880
907
979
832
957
976
829
805
869
939
906
843
903
827
824
848
