58
58
50
58
54
49
51
53
69
52
49
62
56
66
54
51
68
47
54
54
47
46
54
47
50
52
56
55
47
50
45
55
50
47
52
52
47
58
49
51
48
52
52
53
49
52
56
56
48
50
51
52
49
70
50
46
51
50
46
54
56
53
55
51
60
57
55
54
55
53
61
57
58
50
51
52
50
53
52
49
78
47
47
55
52
63
51
66
54
55
54
52
51
53
79
51
56
60
55
54
53
65
54
53
53
56
53
52
56
52
52
54
52
55
69
51
54
53
51
54
51
51
52
54
53
52
66
58
52
52
52
52
50
52
51
53
53
54
51
53
50
51
51
46
46
50
50
51
47
50
58
60
51
53
72
52
51
65
47
86
50
51
47
53
46
82
45
53
45
47
49
50
47
46
47
58
45
47
47
48
46
47
46
50
62
49
47
44
47
48
46
51
57
52
47
48
49
50
48
45
46
44
46
44
44
47
41
49
50
46
50
45
50
49
48
50
44
47
43
47
45
47
44
46
43
47
45
43
74
46
45
42
43
570
50
46
46
46
44
43
44
50
44
42
48
44
44
44
44
55
49
49
50
50
49
50
49
53
56
50
46
49
48
45
48
48
47
46
45
50
44
49
47
56
47
60
45
46
45
46
51
57
48
47
47
49
49
49
50
49
47
47
46
48
46
49
46
52
53
59
52
50
48
51
48
50
44
81
49
61
49
45
50
44
50
44
49
51
45
53
56
49
47
48
50
52
46
51
47
49
50
48
48
45
45
43
46
42
50
48
50
44
47
43
47
42
47
46
51
50
50
50
63
50
50
47
48
47
45
52
48
50
47
47
296
49
59
47
48
47
46
47
45
46
47
44
51
47
46
47
47
46
45
65
44
47
45
47
47
51
50
46
48
61
48
47
49
48
52
47
54
56
58
57
52
59
54
53
56
51
53
126
52
53
51
54
50
48
51
54
48
50
88
52
49
47
48
50
47
45
49
61
46
47
54
49
68
49
45
49
48
48
49
89
50
51
44
51
50
48
47
48
49
50
49
47
46
48
47
48
50
47
45
53
48
51
53
52
52
52
52
50
53
52
50
47
46
49
49
65
48
70
51
48
69
48
51
49
46
46
47
50
49
47
48
53
54
55
96
46
56
51
49
85
46
70
49
51
47
48
50
62
50
47
67
50
69
50
45
47
49
45
50
46
48
46
49
47
47
49
50
46
56
47
48
47
45
69
45
48
45
46
45
52
47
45
45
45
45
49
50
50
48
50
50
51
52
52
49
48
51
86
50
49
47
50
48
48
48
48
48
86
49
45
49
49
48
46
47
49
47
47
74
49
46
43
45
49
48
49
45
46
53
47
45
44
59
47
52
51
49
51
64
63
48
43
46
49
46
50
49
46
48
48
48
48
45
47
48
48
57
48
47
48
46
48
48
49
46
50
47
48
46
49
55
63
48
50
48
49
48
48
51
50
49
48
50
49
48
43
49
49
50
49
49
52
46
48
47
47
61
53
55
51
51
53
50
51
51
48
51
53
56
49
50
48
52
48
58
54
53
47
48
49
50
54
52
48
53
50
50
46
48
49
46
51
48
46
47
47
49
49
51
46
48
61
50
51
56
53
49
52
51
52
48
48
47
47
50
49
47
50
44
52
47
48
45
47
46
47
47
55
60
52
46
46
46
50
51
47
47
47
45
47
49
63
47
62
48
47
47
48
47
44
46
59
52
48
45
47
43
46
49
43
49
49
47
50
48
46
46
48
51
54
50
51
49
52
48
48
46
72
49
50
50
50
49
51
50
49
52
51
48
48
53
45
48
49
49
50
112
49
48
49
49
50
50
50
45
45
52
45
44
50
49
54
45
50
52
48
51
57
46
51
49
43
49
46
49
49
50
44
47
48
44
49
50
48
47
49
44
46
48
45
66
49
45
45
46
47
49
45
50
47
45
50
45
49
47
46
48
70
46
46
49
49
48
45
45
101
55
48
51
45
49
47
48
48
49
48
46
48
49
48
45
51
50
49
46
46
49
59
45
48
44
79
47
48
53
53
56
49
49
53
52
54
80
57
49
50
49
53
51
54
51
56
50
45
64
47
56
51
48
49
47
47
49
48
49
53
47
50
48
45
47
47
43
47
42
48
46
47
57
53
55
56
51
50
54
45
43
48
53
50
47
52
52
53
49
49
51
47
44
48
47
44
56
45
51
50
53
51
48
49
51
48
46
48
46
47
48
46
47
51
54
50
49
49
48
64
52
49
54
49
47
48
51
55
55
50
50
50
50
48
62
50
47
67
49
48
45
47
47
48
48
44
50
50
59
46
49
48
48
48
47
49
54
58
52
49
48
51
53
57
49
51
50
59
49
49
57
49
48
51
49
45
51
45
52
48
64
50
45
52
52
50
48
48
46
51
48
49
86
46
53
49
51
61
50
52
50
47
48
50
48
44
68
55
47
49
46
50
49
49
50
50
48
45
49
63
56
49
47
50
47
49
47
48
48
47
