1054
1018
979
968
977
917
946
1044
957
962
941
1028
926
952
1029
938
917
998
1582
983
983
1095
1015
974
1055
977
1060
1013
931
1044
954
964
1090
1674
990
1003
1039
949
1043
983
928
979
1051
939
978
1052
928
972
929
993
944
1049
966
966
1105
1028
912
1063
959
1006
1066
942
934
1045
960
958
1058
947
946
957
931
932
1089
965
994
995
929
939
962
1074
981
1023
1066
1051
1089
952
935
968
947
964
1080
958
953
1102
966
988
1030
935
1013
1029
807
754
812
845
867
1031
901
799
826
841
787
785
816
785
812
781
851
1266
865
848
884
818
851
753
999
785
754
777
934
859
800
758
813
863
779
740
785
794
873
1029
740
794
800
918
947
774
793
853
783
777
974
917
945
933
984
893
894
955
891
911
933
908
923
1439
960
956
910
978
947
951
1120
917
969
951
993
930
906
1059
975
1371
937
921
905
894
940
950
940
921
860
921
1005
970
934
942
868
1052
938
923
937
930
868
838
922
950
869
886
921
828
877
889
861
879
837
822
868
899
854
957
1298
863
791
852
978
859
949
904
829
943
884
881
950
776
846
850
851
1023
1021
903
851
886
898
853
844
785
1009
837
872
904
977
823
1016
1588
967
1019
978
969
1056
965
1021
1042
970
993
985
986
979
1003
957
951
967
1055
956
924
1021
897
963
965
960
966
961
941
958
895
1064
945
1002
965
955
985
948
994
1018
958
1027
943
1106
939
945
1082
1070
994
929
967
922
905
1011
1063
4287
993
965
1048
969
948
1037
1052
1396
979
969
1068
1137
988
1037
989
1018
1038
986
1085
1004
997
1013
1072
1099
1042
991
1029
974
961
1159
1067
1370
968
978
944
981
982
1055
1018
967
963
965
975
876
851
903
1100
1049
1016
939
926
1018
930
928
1187
946
921
957
929
921
964
1053
985
953
949
1010
976
952
1033
954
1089
1029
898
911
933
974
908
899
876
999
22589
941
938
977
994
936
1053
1013
1017
944
925
1022
936
952
963
925
912
952
987
968
988
965
931
980
926
914
934
890
972
988
946
964
985
1020
907
950
953
953
986
949
946
954
1026
1078
953
1047
913
906
964
1000
1004
961
907
992
927
968
1005
966
1012
953
931
958
937
962
1342
904
899
941
983
890
981
1048
962
967
961
1045
963
971
948
913
938
893
1055
970
1018
1010
957
1150
945
1001
952
1105
1035
975
954
938
992
948
1026
973
962
1044
977
1025
1026
1039
936
957
1082
1085
973
971
955
963
956
993
1032
1052
1495
1011
987
1072
1065
929
996
1003
980
925
930
995
960
897
1027
908
907
1100
943
995
936
916
979
1020
984
975
1053
928
981
1046
947
972
965
1286
1252
1048
950
943
947
972
944
950
927
932
958
1032
1006
1040
976
953
963
964
942
1042
973
1004
946
989
951
961
1027
940
932
1077
927
1010
985
970
989
1084
1019
1085
975
939
1482
1029
979
948
971
1121
962
1008
966
1115
938
1021
1002
1033
946
1208
983
961
925
937
982
1030
975
970
1025
956
926
957
911
931
1013
993
1298
1001
940
908
1128
926
960
1010
1051
1019
1061
1012
947
1068
1031
1018
975
1043
981
948
956
1015
994
942
950
1015
1009
927
935
974
952
930
1124
1384
1016
980
972
939
914
1065
961
974
1042
935
993
1010
1007
975
969
1008
1029
944
1025
984
972
945
937
960
1057
980
989
953
946
1038
946
906
1001
1019
981
931
1026
979
890
1044
1052
1037
1089
1052
1027
1069
1078
997
934
985
1059
1400
1067
965
987
1032
1019
1153
942
997
941
1033
947
960
1039
942
919
1057
977
1066
962
1120
1001
961
943
962
971
1007
991
998
1010
974
953
1047
953
971
1053
939
945
1039
1089
904
1026
1045
974
980
946
934
999
1118
1030
1083
923
1117
1004
1051
952
957
944
1064
1022
951
983
1001
895
918
911
947
932
1014
1032
1013
970
984
978
996
993
969
1016
1068
954
1317
1037
958
938
974
998
1067
1073
927
1068
937
915
970
1038
946
941
929
925
946
924
909
1384
952
994
969
942
1105
1033
1038
1160
959
1030
994
980
1053
989
1002
1018
952
975
1124
962
954
951
1000
943
1092
982
947
995
1046
962
982
913
970
1181
1329
1101
1044
952
994
985
1078
978
1007
959
1105
912
990
1024
944
1150
1018
951
1006
972
993
1004
1132
952
1090
935
1051
1109
1028
1026
1093
1020
988
935
929
1020
946
972
964
939
1206
1055
1081
937
947
960
1003
949
1121
1072
1032
1198
969
1036
1004
1023
1033
950
1061
987
939
903
1016
931
982
1100
982
987
1030
1012
970
933
1098
1127
976
1011
957
1018
968
1000
1070
970
958
1098
932
1013
1062
948
948
968
966
942
956
937
945
987
985
1020
931
1046
1063
995
1491
1087
905
963
964
1001
1016
1003
985
925
994
958
973
978
958
915
944
960
936
984
1397
10592
1173
1018
1011
978
924
922
950
928
990
1033
1008
955
977
943
974
1053
965
930
915
992
963
955
931
1081
903
915
1041
1029
945
1004
1026
1302
965
932
946
1041
1043
912
1042
958
979
926
972
951
1154
1005
1096
966
1080
1051
1041
1088
1036
1043
1001
1063
901
1070
1015
1060
1025
1089
1057
1030
1027
972
1036
940
993
992
1190
1007
964
979
1022
1000
1101
1016
986
1040
989
1112
955
993
1037
915
973
1057
1129
968
1583
1034
930
943
1033
1383
1171
1062
951
980
1133
1008
1064
978
1045
1051
1006
972
991
933
1031
1100
964
1082
1047
945
1227
1000
1002
1145
1078
1023
1004
1043
1065
962
1057
998
945
1345
1021
1021
999
1036
1076
1035
1019
1062
1015
1031
1094
1077
1006
1111
