69401
69285
69134
69378
72066
73008
69038
70022
69395
71611
68946
69523
69028
68666
69330
69182
71784
69110
69062
70496
68985
69635
73442
68616
72106
72384
69238
69246
69799
68977
68719
68888
68816
70748
68718
69896
70214
69599
69856
69379
69127
69378
69279
69735
68864
69814
68911
69127
69857
69366
71262
68757
69705
71632
68444
69605
70006
69490
70094
69167
69187
69424
69782
69985
69377
70793
70583
69180
69477
70176
69956
70265
69290
69128
69331
69284
69200
69131
70531
70260
69766
69117
68935
71113
69442
70603
69480
71287
69456
68601
69459
70008
69786
70315
69520
69322
68967
70995
69710
69198
69792
69315
74811
72149
69538
70125
69181
69258
72213
69285
68937
71118
69817
70117
70050
71294
69276
68914
69648
74957
69849
68988
69267
68912
69050
71077
69583
69527
71224
71017
68834
69435
69099
70462
69684
70925
69598
69078
69456
69794
69020
69119
73890
72057
70611
72376
73701
70525
69280
69852
72617
73985
71690
70260
71111
69395
70290
70538
70171
70432
97103
97912
105814
96961
97663
96363
95945
96899
95666
95785
96702
96285
96451
95003
95087
99325
104993
119471
107149
103727
97472
95664
96349
95347
98271
95209
96330
95548
98418
97300
100495
116561
95070
94867
96192
98452
96483
98280
100397
97390
