48949
44397
41144
42125
35301
28801
28374
29151
29934
29445
30816
28974
28569
36058
29185
28503
29214
28559
29894
28869
28374
29145
28435
28681
30465
31772
28942
29271
30235
34667
40310
40916
40199
37803
39793
43228
40333
41293
41375
40714
42270
42302
40222
40077
41163
44168
43793
45196
45445
44745
46690
51344
43089
41826
40630
40581
41461
54574
51056
49694
42574
46110
41650
46368
43910
55340
50549
47423
45109
41333
51395
50657
46399
43948
52987
46874
40515
43363
45078
48337
41035
40618
40288
43800
43980
47262
44513
44829
42275
45026
42574
42000
40354
40537
42815
39798
39924
43591
46327
43113
43052
42140
39305
42410
44973
45313
43504
44233
41998
44213
48297
46719
41872
43192
48066
47321
43024
41510
41963
40508
41979
39827
42018
41151
41649
42942
41503
40946
40694
40288
38591
37726
40915
41331
39233
37567
39826
40104
38686
39605
40217
38490
37697
36768
39268
40767
42757
39698
41604
40030
39354
37067
40650
40793
39736
38733
40309
39337
41941
44037
42634
46536
39826
39437
42847
41370
45422
43885
42036
41995
48269
40008
42086
42401
39967
41210
41797
40725
50803
39973
40206
39020
40584
43098
42107
41012
42442
42536
47337
49550
46185
39930
46717
42707
41458
40341
40517
37575
37823
38802
