58341
58270
58281
56761
62972
56039
56845
59526
62589
60794
65310
68467
70538
64890
68490
67046
53073
58918
57777
65268
68609
63676
68747
65824
60908
60167
59111
59658
57726
58917
61324
58426
59656
59482
58973
69646
63164
63865
61937
56367
57978
59664
58366
69811
56966
56905
57689
56694
53880
56029
59297
60951
62617
58140
57869
58014
56765
57402
57328
56031
58808
57673
58502
56563
56450
58575
55185
53999
59218
57909
61870
59703
64417
68273
61358
58345
57683
64946
59706
64442
62963
66485
60746
73261
59186
61001
69209
59893
61620
60324
62063
59103
63695
63771
58658
60165
63241
58446
59577
60167
58297
61494
55540
55708
58037
57696
55161
60176
57315
57284
56565
61532
55256
57139
56459
58470
63535
61435
62817
59940
66237
56850
58734
56803
54844
56539
57001
56598
56944
55051
54958
55574
56950
60104
62561
58565
56634
59272
60280
57159
55484
60029
60480
57957
62504
57939
59044
57039
58013
62176
57158
58966
56528
60348
58451
56898
53188
53879
53109
61300
59737
59492
56337
60123
58915
58393
58048
59676
59791
64103
60092
60158
59839
60319
59195
58641
59410
57955
57233
62574
58485
59353
58826
58363
63635
58973
58718
57943
58785
64448
61905
58950
58454
58396
57669
59256
58457
59416
72877
65498
