74680
74748
76635
73639
72163
74218
74901
72995
69333
71416
76734
80095
75900
70811
71804
69266
72755
71734
72552
72127
70345
72230
71106
72630
73704
72653
71636
74941
75862
73311
72108
74222
76288
72731
74829
74167
77264
74096
73307
65062
54879
73701
68333
72134
58687
56524
56687
53990
62283
55712
60720
55418
55035
62299
57927
54361
64327
63350
71456
59936
62153
80528
66804
60511
63037
78615
62658
56116
55022
59975
52210
54518
63692
68775
81565
74041
57009
61219
63818
55879
59083
68675
77704
65813
76656
81512
73005
77829
74427
78431
78195
76649
70473
73837
73555
81042
76812
71109
87770
77278
77583
87209
74031
69146
71968
83486
76707
81391
76077
80128
78686
84139
91912
72798
73330
75632
75565
78428
80751
81749
74036
77078
81004
74343
84773
77459
73904
72356
77065
79154
74033
77323
86731
78783
79203
78853
75089
74801
81225
71579
73693
77394
72639
70965
73353
75807
75321
82873
80675
71293
69976
75144
77410
72917
75420
72323
77342
80140
78574
72123
74364
75205
79823
83494
73453
81417
80338
74600
76582
74761
75777
77509
73733
80620
82294
83073
78464
81319
75820
75736
71915
76426
81627
88385
87610
81791
81711
85381
74557
79107
74145
77053
76207
81247
76762
74573
77704
80445
81084
91990
