89901
96099
96005
93881
90604
91382
107020
97627
93635
92631
86819
95754
84680
82869
90302
93846
87147
88332
101730
85717
85617
87301
81821
84353
83869
79280
82058
92977
92375
111096
89879
84881
94745
87877
80385
87383
86490
85996
81875
83932
92795
94231
95660
91125
96117
91151
85214
90026
113091
90065
111349
94770
107851
89995
88363
96825
90250
89136
94935
90802
98413
95859
90905
92358
97540
94337
88889
86228
89369
95318
88756
99038
95871
131289
120449
98740
90718
89413
94297
90075
99349
102613
86724
89796
100767
101141
107074
89459
88293
91995
92493
96729
122420
120256
90601
95525
88291
106603
87086
104262
96839
81916
82305
80675
65514
65091
62757
64119
67232
85536
74454
66627
77939
63488
89396
88668
87057
90764
86424
90753
84597
83818
87551
90870
92540
85931
77409
81134
86679
83283
86041
82380
85071
77795
89197
89767
86250
98296
83095
82773
80910
85650
83957
88024
94547
88416
87325
86586
87398
87929
83240
90417
91258
85865
82016
90988
92252
99999
87634
105135
92429
95303
88548
86705
87339
97410
102068
86058
100580
93299
102003
93168
87239
91929
91146
93384
88294
94800
113108
92661
106226
96553
98911
89408
88191
84554
94695
93238
92793
99200
101801
92436
88768
96841
92331
92293
87846
86454
95979
90645
