100773
105349
101505
103585
75437
80790
72366
89187
110613
90185
74072
80745
82207
101948
76865
80298
73080
77840
74938
87903
103315
71775
94348
102724
103339
118196
114642
104871
103497
127770
118691
108766
113691
105725
104454
100557
112479
106788
113711
112659
110229
113288
107405
102264
103691
99999
102178
117651
108796
111706
115641
105314
100977
100968
101967
111615
104344
101764
100132
106239
95827
96837
96797
96435
111658
106165
112548
105658
99074
100458
101265
96308
98668
101471
114737
102855
110915
115274
111442
107897
98449
116814
109574
114134
99255
109229
108782
106397
101468
103137
106678
107994
105025
102516
99238
101867
104216
106361
102604
103215
100266
101013
104287
111977
107531
101399
100886
103952
103444
102555
102485
108402
104481
99187
102192
98504
94760
96791
92114
92980
99323
98157
106658
97966
98002
96527
97147
98854
101059
107783
101907
102086
106545
100355
97174
100923
100225
105478
104873
103284
105308
107336
103253
98237
95242
100342
101108
104939
104266
102112
102223
102926
103097
106346
103018
101054
104296
96478
94820
107130
106949
110876
107924
102039
100013
95993
99320
111713
103911
104840
103552
110939
105088
114524
106632
103288
108935
104195
99217
104245
102312
110948
106501
103588
108612
112526
118179
110998
100186
102235
105240
95955
95692
103034
107727
109991
104949
105864
98579
102004
