112654
113045
111058
110357
114491
113339
108821
109255
112598
111158
110090
121690
109303
115401
109498
111612
108413
109292
111779
111279
111741
110004
112584
109223
109266
109898
110057
110837
106330
105356
109785
109468
111756
106342
101403
105935
107240
109035
110023
110291
109150
116629
112937
110500
103278
110917
111345
111127
105810
107387
112302
102342
107181
108058
105832
108345
106377
107431
107433
109361
108395
110910
104724
103339
110150
113134
105842
107140
109561
110789
111809
114526
109674
109666
109109
109028
109484
107939
106888
108454
105272
99748
106378
109585
107989
116328
112707
107862
106896
103631
110280
122385
97715
81253
80971
78239
80419
79918
81063
79446
78291
78299
85246
78782
88783
107603
114908
110169
113744
109886
112609
108525
104912
108974
105128
107137
109723
113386
105873
104845
108227
113668
106582
108795
117501
112933
109476
103681
112076
109313
108194
113084
112672
115682
110250
118300
110883
109919
110047
121274
101541
109475
109552
109527
113781
110200
108739
110490
117083
114484
108300
111021
117166
108294
109206
108873
114100
109533
79954
78320
78696
78727
78060
78230
78218
79771
78297
79040
78090
78267
78226
80185
78469
78964
77044
78078
77549
79082
77953
79259
77748
79709
78911
78527
77976
79353
78696
78775
78342
78924
78605
78441
77486
78169
77978
78552
78407
79068
78286
78238
