85216
85423
84994
84779
84074
84834
83831
84506
85019
84002
84261
85199
86257
84956
86772
85025
84232
85203
84974
84102
83884
86292
84675
85481
84196
84083
84656
85095
84164
85567
84601
84810
85080
85003
84063
84822
83735
86351
84206
85474
85461
85645
85560
84879
85822
85303
85059
84506
84847
84991
85550
83736
84605
84856
84826
84879
84924
84324
84970
83389
85016
86068
84685
84974
85011
84387
85723
85894
85481
84886
85152
84349
84475
84735
84603
84567
84751
85241
84877
84152
85159
84693
85190
84505
84753
84972
84321
84882
85231
84622
85276
84029
84420
84931
84608
84669
84480
85239
84531
85015
85557
83812
84554
85092
84858
85064
84441
84361
84725
84317
86615
84445
84566
85554
84564
85941
83492
85366
84171
84182
86028
84675
85430
85642
84757
84593
84500
83340
86577
84911
83831
84862
84564
83262
85087
85045
85780
84557
84590
86072
85222
84637
85716
84696
85424
86598
84710
85475
85871
84888
84848
84756
85821
84894
85464
85972
85216
86334
85753
85117
86551
84342
84233
84686
84505
84425
84266
86562
85307
84855
89889
121017
92150
86101
86400
84627
85089
85544
85093
85678
86635
86067
118319
117537
117072
117573
118275
119535
117684
117559
117739
115969
115988
118874
116492
116693
119625
116565
120542
117391
