123549
126859
124167
123524
125619
125448
126179
124143
134502
100236
90362
89594
91218
90672
91046
93583
90470
90712
94210
90477
92258
94557
90389
89304
89479
90341
88760
110479
123515
124991
123881
125027
123483
125639
125898
124736
127204
159184
127388
127762
130489
132919
137822
125114
125306
124203
124755
119231
136962
98257
95666
125594
127862
126620
125482
137428
130763
124553
135421
126692
137715
123528
123775
126368
143796
126663
122694
124198
123203
125398
125358
128578
124887
126899
127452
132874
139616
131025
125783
125830
124247
126443
134712
128360
130446
124595
138352
136122
94668
138473
132387
132703
147183
138259
123488
134012
127526
131322
124369
125423
125060
124428
125999
125279
124020
124986
115275
92011
91231
90169
104143
100110
91453
91293
90579
93069
89925
89891
91050
92085
90797
89849
90585
98368
93702
89895
89546
90508
92744
91957
92701
90609
102354
91066
90028
91799
95763
91564
92806
89913
99012
90784
89816
90215
90881
93255
91238
94317
91393
89839
92049
93741
96615
91993
91687
92119
92426
93310
90491
92936
90033
91034
103951
98487
89927
93260
90056
91893
90521
91316
91936
93565
94579
90840
89806
91350
90912
94823
89969
90566
91092
90245
92405
90122
92015
96418
92927
90925
97084
94101
97396
90843
93449
91867
99441
94956
124109
112443
91834
93180
