22228
20990
23307
27270
25322
24720
25936
22977
22223
21873
20407
20740
20729
20576
20431
20322
20294
22586
20692
21124
21042
20714
20833
20742
21223
21385
23782
22744
21088
22101
23839
22472
22513
21807
21708
21163
22599
22430
21365
21923
21983
21105
20936
23361
23310
27068
24698
20402
21166
20730
20709
20755
20030
20626
22134
20858
20902
20664
21513
22067
21962
23382
27158
25392
20391
25381
23529
20781
20799
21170
21462
20675
20663
20759
21827
23805
20644
22047
21717
21920
22588
23277
22269
22544
20567
20962
20858
21132
20712
22163
23888
25494
25004
24642
24095
24938
25154
24837
22967
24088
20220
20347
21201
16701
16982
17232
17898
15390
16155
15279
16504
17914
19511
23757
16388
15682
14794
18237
24679
24076
22866
25968
17793
15023
15517
15082
20067
22729
17519
15410
18317
19482
16126
14978
18595
16452
17361
15486
15367
15091
15884
16118
20674
22825
21480
20584
20629
16014
17849
17579
15523
16097
15949
14789
15068
15011
16819
18061
20485
20745
15473
15170
15439
14851
15415
15341
15143
15429
15723
15387
15386
15524
18519
17107
15990
15753
15379
15421
15414
18840
24557
25352
21380
14950
15311
16718
23244
23324
21828
22620
17701
17024
17032
19666
22972
16819
15402
16994
18180
20903
