98263
94966
95170
96067
96082
94908
95887
94782
98412
94689
95888
98124
95843
93527
94703
97031
100473
93533
96743
95016
94061
94348
95563
95603
97431
101138
98414
94462
98439
94052
94640
94912
96973
96300
99080
95763
97644
114249
93544
95350
95812
100027
93989
94770
94079
100695
93891
95266
94292
95858
96764
97708
96247
98687
99698
98056
97030
93010
95606
94363
95302
95375
96451
93982
101818
94646
95406
94229
94146
94024
94849
94221
97851
96858
99538
96410
108382
103488
99399
99249
105644
117197
97604
103181
96793
98033
95900
99813
109758
100879
97310
95820
98642
100408
95505
97829
96209
98322
95707
96224
99206
96375
95839
96706
98083
107711
102257
99778
103426
107684
94328
98966
108144
98451
96125
95160
95313
93545
94239
94618
93859
94098
93699
94301
93704
98856
95370
95434
94133
93934
97676
97300
95822
96182
100191
95726
95086
107210
108282
99474
95726
95921
95274
94562
94813
95248
99860
112200
95897
97589
95461
94051
93946
95088
96514
97193
94556
96839
105441
142484
111162
99885
125574
95355
94551
98438
104573
113462
97144
95519
94588
103106
101798
96371
102389
110037
98288
94865
95461
95227
96447
101068
113465
94311
107105
101064
107151
113721
96997
97022
104651
98175
100056
103930
100215
96499
98729
105865
97643
107970
