104829
107771
102519
99140
100498
100166
98802
104625
112321
103463
104672
104204
100079
102317
101229
115988
118407
110520
104202
121956
118613
113770
104140
101451
102970
103976
113796
99164
99080
124083
104516
103181
101795
106283
106188
101091
100309
106075
99688
99481
109683
122839
119699
101570
98885
99197
100341
101075
99450
101320
107956
106871
103124
101960
100343
98611
99617
98797
100839
106514
97611
99116
98699
102549
100422
98710
97630
109917
102533
100894
98308
99372
97977
99702
99599
99252
99999
99583
103650
102388
99892
105917
118676
103371
102529
102222
99943
100704
98099
98203
103154
99387
99726
97931
98355
101878
102912
100465
101489
107654
97596
97945
97005
98185
97087
97438
96938
102550
98832
97035
97083
101085
100562
103818
97731
100063
100152
97713
103385
104542
110099
110523
99444
99102
100679
100244
102056
111716
99909
99150
99873
104110
107207
102867
102264
97921
97666
103321
129576
99525
134681
143547
98795
112064
110570
101240
98497
98079
107856
101786
127386
96788
99472
115281
99609
98135
98014
101641
100660
99114
98832
112706
108997
98501
118831
97223
114219
101407
110250
104130
125467
112773
98291
100627
99746
98464
102150
97063
116625
111241
97423
98278
99330
102121
97997
98115
98032
100763
97250
104268
101092
125445
157607
120101
113071
99040
100345
100250
107914
107184
