101121
103569
104362
99645
99371
100486
101389
101973
103944
100474
101401
101378
105722
103077
102289
101864
108096
99492
98462
100209
105989
148862
179518
179041
106016
126041
135224
127114
103066
100783
125040
132384
105612
133452
125485
118276
105542
103270
111644
105296
101758
103141
100467
101473
99674
99293
99569
103029
102249
101142
101664
102229
103869
99292
102682
105998
102287
99259
101338
103159
102256
99978
100243
108359
100569
101544
104342
100771
100122
99308
109662
100765
100884
108270
100339
105347
105021
103088
109825
118534
127120
137215
113039
98936
99748
99431
99328
100127
100211
99750
99205
100799
100662
102924
98933
103860
100267
99669
100503
105424
99754
99578
100721
100666
100851
100687
100662
100714
103829
101613
100671
99337
106709
98339
99200
100021
100095
99252
100330
99702
101419
99881
98819
102022
109282
99456
100017
99241
99823
108648
100016
100694
99895
99456
100212
101727
99092
102805
100020
99005
99832
101098
103108
100259
99176
104907
97948
115235
111714
100971
99166
99166
99302
103582
97944
99256
99290
98960
98919
103439
99079
100744
101870
101577
99344
99623
98513
99804
103003
99145
100840
106108
101917
107106
133493
105905
104173
102635
102753
102766
102000
99819
100934
99050
102453
98250
99738
104820
101994
109681
102544
102771
100008
103489
100862
100064
104076
111322
99599
100100
