100436
100979
100243
103218
115900
99039
99580
102308
100213
101674
98762
100568
99524
100922
99079
100959
112268
101931
99501
99834
99344
99200
100307
112221
100072
101661
99241
99178
99590
100007
100391
99245
99974
99377
100514
105630
100056
100650
99559
99312
99605
99582
100647
99189
103540
99442
102353
99400
102652
107255
131642
137980
100487
103764
101698
99405
104460
102321
99495
104260
100652
99369
99318
99996
102059
100476
99748
99593
100325
102293
98810
99661
104607
106249
99032
100324
101787
101684
108592
104536
100853
102626
99329
98116
100162
99377
98841
98814
100844
99578
101011
102828
99187
100379
100105
100614
102884
99787
108471
101081
100254
100348
101271
106093
109640
115770
105893
107473
103418
100464
99441
98888
99810
101688
99403
100234
99735
103511
104735
103421
99792
105779
99546
102156
105197
103651
100042
104387
188996
125981
110408
123943
102172
107373
104199
106265
103729
104197
104834
117684
103699
102892
102286
111303
107363
98326
99320
100808
112549
143580
133010
100655
101118
100417
104538
104173
114384
104743
105162
105146
99149
101621
116574
100409
100205
101343
105157
102384
110365
101394
102852
101933
103664
109749
104622
103499
112337
102950
115021
121173
111897
112952
103948
102912
103131
98966
100886
98619
98626
97907
101467
102171
98565
98185
100662
98581
102539
103715
128112
101538
