106434
103054
100135
100720
107883
111781
107985
110855
100304
104795
106366
107698
110159
104738
114220
135411
158302
161383
166969
142752
103887
102166
130087
150483
165782
166513
136483
151073
136444
139235
144365
152687
140912
140023
142752
142944
138774
121039
100744
100141
101816
101699
119607
102120
99042
99587
97895
97859
98262
105920
97827
110512
102798
100375
102368
99414
100396
99892
99864
99275
109278
102078
103306
104133
101939
103264
102925
103220
101917
100755
104832
111208
104276
102635
105650
99858
108749
98619
98576
101664
102073
107836
105644
107423
115103
102005
104342
123902
115245
104759
118412
102687
103341
101258
109568
102576
100611
102896
111425
100819
98875
97824
99742
97696
100311
98994
103901
133162
104506
102874
100873
102121
98598
101919
103416
100300
102074
99946
102249
115442
101296
103540
102088
99846
103883
105092
118929
102544
100326
99928
104177
99865
100351
115416
110248
101924
98071
100238
99263
97368
96393
98571
99975
115648
101693
106156
105836
112699
106360
98417
97793
98951
99790
103974
99203
98417
99060
98564
97653
103138
109032
99683
99760
98828
100413
99680
98522
97641
97276
100350
102032
98144
98458
104947
97938
98208
100025
108046
99410
102455
102505
99011
105982
99956
98600
100908
99352
102547
96619
102559
107284
97468
102604
101053
97796
104160
101182
102273
98115
97912
