95537
120065
137126
102307
99300
98741
102291
99251
104253
99738
102324
99407
98819
98753
99687
98940
99750
99279
99201
99766
99105
98277
99474
101005
103998
113090
111150
97157
100584
105712
99418
99971
96828
98992
103171
102823
100410
113321
101847
101199
98052
102275
98216
97969
100677
112246
101778
99105
98680
101976
103300
106816
106462
100381
101584
99608
100095
104376
109723
101015
101379
99849
99371
96733
96665
98050
99503
125341
108342
98604
100249
99036
98806
99879
98016
98174
99056
99930
99804
98786
98274
98481
100796
104551
108667
103049
98698
126969
131539
139045
139424
116277
109457
99227
95625
103881
97788
102381
103843
98587
125028
98136
98167
97899
116619
98332
97518
98341
95948
101032
97859
97206
102056
99286
97570
118549
101768
99221
97425
98787
97024
95999
97701
98028
102462
98845
98689
98737
96791
95439
96380
97040
97097
96819
96864
98154
113597
116801
97431
107373
97431
105678
101623
98857
99583
99206
95643
96910
96662
100039
101498
99245
96266
99015
96805
96226
98633
96936
97864
96500
97125
100852
108286
95793
101798
96078
101833
97599
96316
98596
95813
97065
99100
97322
95681
98392
97703
97085
97851
95615
96131
105071
98865
97600
96440
98542
99190
98342
96511
186700
99388
96313
101274
99373
98338
98174
96664
96201
97176
95458
