95821
93194
97034
113204
96758
106244
99965
97117
95257
92847
94925
94071
99695
93962
93306
93447
92760
93849
93381
93155
97594
93472
96352
93846
94859
98557
92897
93968
93597
93991
93553
95745
99158
115601
98019
96050
93189
97586
96168
96421
95428
95453
94059
94878
94833
94493
96241
93826
93947
93002
94423
93627
94696
93414
92565
95024
110644
107053
94807
110396
96574
94980
96973
94097
93515
93453
94132
109855
97622
95308
95339
95066
97979
95948
95073
96120
97980
95670
95948
94297
96006
93690
96002
100078
105909
107790
94218
95715
93499
94409
93834
94391
95298
94098
105940
94734
94299
94675
94447
98156
95513
97604
101109
102920
101854
97156
97174
110528
96131
95954
124037
95180
95047
96422
93918
94965
93354
93554
99011
98157
93084
99575
99281
102092
106632
98676
94455
92828
93385
92462
93049
93533
106964
94681
95773
95093
93801
93416
95054
93928
95735
91771
96019
93370
98286
96668
92267
94954
93004
92569
100778
95544
96326
97014
96384
92152
92267
96376
94912
92797
92379
95198
105188
97984
109278
99269
94334
92988
93756
93399
94143
94215
95882
94829
92090
96598
96893
91314
93283
99169
95671
94562
96727
95632
95707
98911
95631
93144
92785
92164
93462
93605
95089
94205
93357
92102
93214
92878
93102
93891
