92436
90637
88567
89970
89707
107959
98339
88376
89526
89871
88491
90732
88541
89505
90955
88721
101122
93479
90711
91053
89489
88706
88954
87992
88118
89378
93620
92191
90559
90950
91340
91073
90829
88015
90294
89516
94564
101415
101644
88588
90695
98368
94448
93600
89550
90646
90023
89202
90218
109927
88723
88994
88211
108235
102932
89146
89260
86857
89963
88344
89027
91279
89094
90781
89671
87734
89333
88854
88275
90097
91962
87973
88922
87795
88534
88808
90082
90449
89099
94662
90615
90208
88846
89140
100738
99442
89086
88793
92877
89179
90019
88177
89163
96072
92250
93010
88026
91369
89047
90011
89997
92558
90216
89989
93761
90358
89904
89515
89177
99635
94403
91429
89987
92813
90163
89069
100375
89648
88595
89688
90729
91677
91013
89372
90495
88932
88009
92467
87530
88773
88969
87900
90460
91192
89718
88879
90497
88278
88234
88200
89211
89582
89497
88489
106658
101254
90366
87399
94562
91286
88606
92484
89273
88931
89689
88642
89673
89801
89641
90010
87731
88701
106157
99653
92751
97844
95594
88581
94048
88757
89984
90842
90464
94267
99632
93517
88011
89835
90145
91895
102261
92262
96814
90527
88267
88684
87977
89879
88389
88978
89946
93083
89691
88569
90258
92610
91807
91844
91962
91947
