83390
84206
86589
84256
84249
83784
83078
84706
83667
82830
85364
82215
85891
83897
82824
82661
82784
82291
83374
82667
82230
82640
84570
82625
82744
82524
83223
82627
82861
81926
83370
82690
83920
82648
83616
83041
83282
83524
82875
83747
82305
82414
82845
82956
82903
83206
83150
83069
82763
82842
83364
87810
83781
83228
83885
82690
83040
82661
82569
82757
82923
82724
88551
82898
84705
82341
83644
86329
86476
83987
83221
84142
83545
82301
82240
83018
84082
82503
82814
83577
82613
82287
83109
83084
83605
83624
83089
83271
83988
85135
83485
83099
82533
82904
83218
103856
83002
82827
82632
83311
82707
82574
97571
84166
82362
82525
91642
93752
93564
86719
83585
83194
93139
83670
88350
82835
82194
83383
83192
81891
82869
83295
83693
83960
87762
84290
83496
83126
82499
84215
83385
83038
83010
83314
83622
83639
103383
83723
83201
83556
86215
82497
82950
82838
82479
83005
83545
85249
84254
83815
84053
84298
83378
82682
91302
82147
82770
82707
83720
82247
87651
82149
83397
84087
82489
82609
83158
82625
83690
82602
83386
83111
82795
83250
83019
83506
83100
83108
83731
83216
82567
83234
83266
84698
83143
83176
84472
83107
83387
82274
84189
82191
83302
84912
82252
82665
83093
82110
83124
83160
