77071
76331
77024
78632
76602
76258
78508
76535
76472
75705
77339
75995
76301
79262
75972
76736
75620
76003
77692
76000
76089
75931
76179
76902
76107
75949
75498
76730
76636
77272
77115
78351
76819
87396
76350
76723
76194
76342
75991
76508
79845
76078
76662
75778
76718
78148
92245
76541
75835
75796
75956
76239
89530
79422
76760
80800
81345
78203
82486
76341
75914
76206
76800
76164
76324
76075
76845
76916
81376
76190
75827
79874
75817
75752
76051
76369
82307
75567
75377
77302
75962
76371
77689
79098
75159
75833
77785
75886
75772
75957
75910
79252
76544
77694
80027
76226
77171
75500
76362
76430
75883
76911
76653
75895
76943
78071
76144
76197
75424
79428
75471
77114
76218
75852
76267
76434
75956
77640
75509
77077
75113
75746
76426
76001
75748
75621
76402
74941
76442
75522
91891
76426
76690
77064
75772
76847
76085
80480
75817
76959
76787
76260
76938
75869
76347
76754
75483
76245
75814
76313
78539
75958
75752
76069
75803
76496
77414
76078
79489
78621
76624
77409
76555
75884
75992
76392
82463
77523
75978
76513
75851
76474
75628
80491
76160
78802
75819
75341
76301
77411
75969
77158
76099
75297
76412
75638
75456
76903
75450
75794
75891
75538
75553
75901
75432
80603
76294
75093
76064
75768
