103
99
98
99
99
98
89
90
90
90
91
98
94
98
89
94
97
95
105
99
91
97
96
98
90
93
85
116
96
94
90
93
94
100
94
94
91
93
90
87
96
90
93
139
89
96
97
102
108
99
95
95
104
88
92
84
91
81
90
86
93
118
87
99
90
91
96
95
89
95
140
91
102
90
92
94
99
95
93
99
89
98
119
95
93
94
95
99
92
87
97
91
92
92
88
95
91
90
92
122
95
96
88
89
87
93
80
93
89
82
106
80
82
106
89
114
76
83
82
72
79
133
88
86
82
80
78
84
84
72
80
81
87
85
86
77
79
83
100
80
104
73
78
87
75
79
77
114
83
111
101
96
95
94
86
106
89
90
85
88
86
85
88
80
82
88
84
91
86
145
88
87
86
89
88
92
102
87
87
93
92
102
84
92
84
89
91
84
87
87
87
84
83
106
82
88
84
92
104
96
106
84
86
96
95
85
78
75
78
84
76
108
101
95
77
80
81
81
82
161
96
97
78
81
76
84
82
73
83
79
79
81
84
84
82
88
81
86
74
84
68
81
77
73
92
84
72
101
76
73
83
91
79
78
182
78
151
72
86
74
82
75
80
73
74
77
83
76
82
79
84
82
117
79
82
85
85
81
83
75
87
80
85
81
82
75
82
76
110
78
81
81
70
86
78
87
114
84
111
75
134
97
103
135
102
80
85
80
115
96
91
124
98
90
92
88
86
88
92
82
83
85
86
82
115
81
91
86
81
87
87
86
80
80
81
91
84
86
82
82
83
91
85
82
82
99
81
88
80
86
87
89
77
90
93
81
89
84
96
79
86
79
84
76
88
78
86
85
87
79
85
89
87
87
79
89
81
98
85
87
86
85
87
90
84
86
84
87
88
86
84
87
87
84
86
111
89
91
84
89
94
96
91
107
82
83
88
99
83
87
99
93
88
85
88
86
86
90
84
112
91
87
112
83
86
87
84
83
81
92
85
86
81
83
89
83
82
83
82
85
77
81
112
87
91
83
86
95
120
89
88
89
86
84
84
96
87
87
80
87
84
83
104
92
88
85
87
82
90
89
82
87
85
87
96
92
107
84
86
86
84
82
89
84
91
87
91
83
87
78
89
85
81
85
82
87
80
89
86
86
87
91
117
80
98
99
85
85
88
105
84
83
85
86
88
84
84
95
85
89
88
88
82
89
120
84
87
83
82
85
83
87
82
88
88
91
85
83
82
88
83
82
82
85
86
87
89
90
91
105
91
145
90
92
92
94
88
88
86
87
87
94
110
85
81
84
90
83
90
89
92
84
84
89
86
81
87
82
85
82
82
90
89
81
86
83
98
111
93
85
87
121
88
88
88
89
88
84
87
85
127
85
87
82
85
82
90
97
88
103
86
86
82
88
82
84
83
81
88
87
86
89
100
87
90
86
117
84
92
81
85
87
90
90
84
97
85
87
122
89
87
80
84
88
88
81
84
85
83
88
89
90
91
104
128
85
143
91
86
88
85
83
122
86
86
89
83
82
102
88
89
112
88
114
87
89
84
82
79
86
84
92
83
84
85
84
170
89
90
86
89
85
120
91
87
89
91
89
87
84
86
86
87
84
89
94
86
89
88
81
87
88
87
83
105
85
86
83
81
98
83
114
81
82
87
91
89
133
83
101
90
81
87
87
89
96
82
88
87
90
89
86
84
88
90
89
119
86
83
87
93
84
83
88
83
86
95
84
83
87
86
92
83
100
93
86
94
87
132
83
94
89
87
89
90
88
85
86
85
84
86
102
78
102
87
125
81
92
114
119
86
99
86
83
90
88
83
146
82
91
109
106
100
118
97
89
103
209
99
91
96
83
88
85
84
97
85
93
88
91
85
83
87
91
80
85
86
87
83
86
84
92
86
86
85
87
89
83
83
86
90
88
94
87
88
87
90
89
85
86
109
88
86
84
82
89
101
88
94
87
88
91
89
123
84
86
87
86
88
88
88
88
88
114
89
88
91
91
87
87
99
90
84
140
84
88
88
88
83
106
84
87
85
83
85
85
89
84
94
90
86
84
87
98
87
87
85
87
87
85
84
84
89
84
88
96
86
86
85
93
89
80
85
87
89
86
84
88
86
90
88
86
86
85
84
86
85
84
88
82
119
84
88
81
79
92
95
85
90
87
87
152
148
89
84
84
93
88
95
88
85
88
88
91
88
93
85
89
90
87
84
88
95
91
92
108
90
89
84
91
125
126
83
88
135
91
83
83
86
104
84
88
98
87
86
86
83
85
84
85
91
144
89
90
90
93
84
144
86
86
88
91
89
87
85
86
88
82
89
84
85
91
91
94
81
87
91
89
84
83
83
84
89
84
85
83
90
81
87
109
121
86
94
90
85
86
89
84
95
88
81
93
85
91
85
83
91
77
85
83
90
90
87
85
85
86
84
90
81
85
92
87
89
92
82
86
86
92
84
82
89
87
90
85
113
82
87
133
84
122
87
85
87
85
92
91
84
85
84
88
