146
149
145
158
157
146
152
155
146
151
153
150
154
140
150
146
148
144
144
146
149
152
151
166
158
152
141
145
156
144
144
147
133
252
154
141
151
169
166
180
149
147
153
147
145
148
140
156
131
199
149
160
134
200
149
180
132
188
145
149
139
162
150
174
141
144
140
192
139
143
128
140
136
138
145
145
136
166
160
132
161
148
130
165
157
144
148
143
127
165
147
150
150
144
141
156
140
172
136
146
131
218
131
132
120
114
132
178
130
118
130
124
126
118
137
118
115
130
122
113
165
128
127
116
127
123
128
195
173
128
165
118
188
131
135
131
170
129
130
112
130
122
122
114
116
125
118
117
140
113
139
225
136
142
137
129
137
137
135
138
137
135
134
139
148
150
137
161
133
139
141
137
134
141
132
136
132
130
149
144
136
138
145
128
132
138
177
128
133
133
137
137
139
129
135
137
141
135
129
133
130
147
129
184
173
153
120
155
148
125
112
117
113
146
110
145
123
184
114
143
158
118
110
120
108
142
105
114
106
135
140
114
123
128
144
114
121
145
117
141
119
113
122
110
109
121
122
116
118
123
124
124
137
128
131
148
127
127
178
322
130
127
130
134
130
117
185
119
125
119
120
154
127
129
153
164
134
121
130
129
125
125
126
123
118
121
119
121
155
131
158
119
130
154
141
123
131
122
121
170
142
172
136
141
130
181
129
124
130
132
140
129
177
187
129
113
132
134
140
128
138
132
134
140
134
125
125
170
132
143
149
128
127
134
136
146
207
136
135
127
127
139
137
140
129
190
125
144
126
125
155
146
148
138
141
140
151
130
135
139
139
130
144
133
148
149
133
135
134
125
134
263
142
132
177
135
133
137
131
141
139
146
135
133
134
127
126
135
135
123
136
140
161
130
133
138
131
128
158
136
145
143
130
136
126
141
125
137
138
131
132
139
137
132
148
142
124
127
150
137
136
144
137
136
137
134
134
133
153
140
133
203
142
131
211
139
154
127
128
124
146
134
136
134
137
135
141
134
139
141
142
141
136
217
136
138
143
141
144
134
146
127
135
147
182
139
132
220
137
149
139
137
154
137
135
134
155
134
194
140
143
137
136
169
137
142
153
135
136
134
129
137
138
142
141
132
133
136
138
139
148
144
176
139
144
130
165
133
142
131
141
123
138
138
136
185
124
132
141
137
137
130
131
121
138
124
124
158
123
126
125
134
135
137
130
129
132
131
132
144
132
185
128
131
133
135
137
150
135
132
145
148
192
138
143
148
140
143
134
137
133
134
134
152
140
138
127
138
122
130
134
135
145
128
135
235
141
144
132
122
138
169
146
138
138
145
138
178
134
136
134
140
133
131
131
137
131
137
132
132
127
142
128
185
134
140
133
134
136
136
134
138
137
157
130
125
122
135
179
138
138
133
165
134
134
133
144
123
152
130
135
129
137
132
129
127
171
126
133
120
121
134
133
142
133
126
133
131
133
133
138
137
141
168
141
140
200
135
140
125
129
140
169
134
126
137
118
128
137
141
151
144
138
134
135
135
129
145
139
131
166
155
139
140
126
136
133
123
133
137
123
148
138
136
126
133
141
141
167
135
133
168
128
151
137
131
125
144
182
141
140
129
134
124
179
125
147
135
132
142
190
125
137
128
127
133
131
155
169
136
135
192
155
135
151
169
130
139
158
124
138
138
130
138
140
129
131
139
125
126
129
164
137
137
139
126
126
138
134
130
136
134
155
167
247
137
155
147
132
136
139
153
137
134
140
140
137
132
137
133
137
136
134
137
218
132
139
133
165
128
141
128
130
127
150
134
129
146
137
126
151
152
162
130
137
144
125
138
131
131
128
133
127
122
153
135
134
131
135
125
130
134
178
129
131
138
129
126
149
131
134
131
145
142
128
131
128
132
139
133
131
131
127
136
125
126
134
130
149
127
123
119
131
132
126
132
130
127
129
133
135
135
130
124
186
140
137
135
122
165
134
138
141
125
162
131
130
132
132
138
131
127
131
128
134
153
133
128
127
172
149
147
125
135
130
130
129
140
188
119
186
121
127
162
125
125
134
155
137
122
131
134
133
129
182
149
146
170
129
128
136
186
125
128
131
130
126
131
135
133
215
135
135
147
154
143
134
142
135
137
135
214
141
140
142
123
138
157
126
190
120
153
178
140
135
125
139
131
142
129
190
127
132
119
133
148
141
123
178
130
127
124
134
146
163
136
133
141
144
131
139
139
134
137
120
170
131
127
123
122
134
124
123
134
117
137
129
129
122
128
193
138
138
138
130
138
127
138
136
196
131
162
125
137
138
139
141
133
145
136
132
135
125
134
144
224
132
152
139
195
130
138
144
123
138
137
134
135
130
133
138
140
128
136
126
134
141
136
140
145
137
133
153
203
136
130
130
130
125
135
135
134
130
125
200
209
124
136
135
140
129
127
137
140
126
130
136
129
138
143
198
139
135
131
139
133
131
134
134
137
141
126
139
142
135
128
137
126
136
140
