206
205
213
200
247
208
204
228
202
193
203
196
205
208
184
203
208
187
201
196
193
211
191
187
206
180
208
190
181
175
191
271
208
261
196
184
208
193
176
195
377
212
201
197
193
192
214
206
180
310
222
203
199
210
200
206
192
204
208
210
195
202
198
231
189
205
173
204
166
205
225
191
188
196
194
218
212
217
186
206
211
207
183
195
198
184
189
173
174
215
202
218
211
221
194
196
199
186
194
189
221
169
232
178
178
250
167
183
169
165
167
166
174
193
163
167
177
163
159
162
189
174
166
178
174
177
167
171
164
157
178
148
179
161
157
177
177
183
169
154
161
163
181
198
167
172
176
178
151
166
188
193
187
197
209
190
189
216
194
191
178
197
173
176
191
196
177
231
195
197
187
177
196
192
218
187
183
192
196
181
178
195
185
188
183
197
175
174
191
181
178
197
196
189
228
195
189
196
250
230
175
175
216
218
181
210
158
177
176
161
206
184
167
169
181
168
205
171
174
173
206
160
233
213
174
194
170
178
217
176
177
181
211
182
232
179
197
177
181
195
199
178
177
180
171
178
170
168
188
178
175
169
240
199
175
246
172
200
171
212
210
173
171
206
206
196
191
182
171
172
194
173
164
216
181
191
182
173
184
165
173
168
167
171
149
171
168
171
177
171
195
220
165
171
166
163
161
161
169
170
201
179
190
192
197
188
170
208
163
193
189
192
176
194
241
191
183
214
180
190
187
171
194
188
188
198
193
189
191
189
185
188
225
194
187
195
178
224
183
193
197
196
193
245
197
187
193
187
189
172
264
217
187
206
192
198
183
186
184
183
214
187
267
177
187
255
184
174
186
189
175
183
187
182
172
208
185
243
178
183
190
190
187
187
170
186
306
190
188
210
198
242
186
198
178
199
185
234
187
209
184
191
190
165
190
199
181
167
178
182
215
183
197
168
233
260
176
193
249
170
182
189
191
183
185
166
185
231
184
180
182
191
173
185
173
263
223
185
209
176
188
217
186
169
187
186
184
169
187
190
187
203
188
217
180
188
189
179
260
179
186
188
245
179
216
193
187
189
191
187
205
194
202
174
183
194
170
185
176
178
181
193
189
174
251
209
180
191
173
191
213
187
186
187
168
202
175
191
184
174
181
194
183
172
164
188
179
186
173
196
200
191
200
239
184
175
213
185
178
189
189
178
173
194
189
205
194
184
187
200
183
186
226
184
190
196
188
256
186
179
192
215
183
190
185
190
181
193
200
171
193
176
202
166
182
248
192
191
186
191
177
205
184
181
180
187
177
179
174
193
213
177
216
182
187
182
185
185
193
188
193
177
181
225
202
188
179
191
174
177
172
253
180
191
186
186
193
186
187
187
182
175
202
194
181
180
188
179
180
204
187
186
246
171
188
201
203
201
185
219
186
264
186
200
194
186
199
188
189
189
193
198
192
187
368
202
188
173
211
191
191
183
173
181
196
186
197
213
180
178
187
198
193
193
187
188
247
181
182
229
177
185
237
187
190
195
191
186
179
179
191
271
179
176
191
177
198
176
186
188
183
196
192
178
173
262
196
164
192
169
180
181
164
190
173
187
187
181
186
199
186
178
186
209
197
219
170
171
186
181
172
219
178
217
192
214
172
273
189
194
183
175
189
190
173
178
196
190
483
180
186
214
174
223
213
181
172
194
181
172
190
188
232
198
184
189
183
274
174
186
193
187
191
187
203
189
252
169
200
188
209
221
194
189
186
186
187
187
172
193
183
187
185
188
194
181
184
177
181
183
189
170
204
188
173
236
193
190
188
191
171
186
192
176
197
204
187
176
194
188
221
179
170
182
182
178
186
246
176
192
174
195
177
189
180
189
203
186
178
186
227
176
185
193
209
177
174
189
202
190
172
178
194
184
186
180
176
182
194
184
198
185
179
179
263
176
258
174
198
217
183
251
230
180
184
167
181
179
197
245
193
184
184
188
206
187
202
177
187
177
189
259
189
185
170
212
187
227
201
206
186
189
187
254
188
190
190
175
241
165
275
191
188
189
188
187
216
184
174
195
191
194
192
181
191
187
260
195
185
225
222
190
225
189
186
194
188
180
185
254
199
186
197
208
187
191
257
181
184
196
187
194
180
171
190
174
194
188
260
177
245
195
170
242
172
193
173
195
184
204
228
189
188
171
191
174
190
188
188
190
227
170
248
195
177
195
243
188
227
186
186
194
190
622
185
184
202
187
191
173
189
190
179
188
195
240
186
168
170
248
171
168
195
181
186
196
181
173
171
181
193
190
198
194
197
189
168
187
195
218
194
191
197
186
232
194
248
182
181
189
173
193
165
184
178
189
201
249
171
171
227
192
191
203
223
183
171
198
240
189
197
178
195
207
212
200
193
202
199
192
201
187
181
209
189
206
187
199
191
254
242
188
191
214
188
264
190
185
185
188
194
186
187
175
236
179
179
189
166
183
186
185
175
185
176
186
187
233
191
191
227
193
176
189
188
184
185
213
174
186
