279
265
251
269
275
263
269
343
243
254
285
252
246
342
256
238
259
340
293
263
254
290
259
273
281
253
255
269
270
254
282
264
264
261
262
277
286
244
271
229
268
329
259
273
414
261
271
349
257
232
255
304
255
263
274
259
324
254
267
245
243
241
254
276
265
258
251
251
349
241
265
238
258
284
226
266
305
309
263
264
281
362
328
259
312
276
263
267
266
294
256
246
268
266
265
254
243
297
288
376
231
238
218
233
213
282
209
214
210
226
261
230
225
197
208
234
214
210
208
235
217
207
320
223
226
240
213
349
248
339
227
241
226
213
217
227
233
202
207
230
222
253
224
217
232
242
225
261
235
327
243
277
295
230
252
254
235
250
262
224
252
250
276
232
636
234
253
305
251
239
246
248
243
237
303
252
263
237
220
352
244
259
229
218
246
233
253
282
240
249
335
278
220
233
255
210
254
276
245
234
251
234
233
240
233
308
232
252
222
218
244
245
233
216
248
238
203
299
235
236
263
290
236
242
237
281
221
282
243
247
256
242
268
236
207
263
242
225
305
227
208
228
239
302
213
373
203
246
214
277
219
246
217
296
198
205
219
293
242
232
209
217
220
217
203
229
214
222
216
201
276
197
218
261
209
329
194
214
301
253
227
287
214
211
221
218
236
219
294
221
217
232
244
321
213
224
784
207
224
244
256
331
255
261
243
225
232
274
262
223
263
240
228
251
300
221
262
245
242
232
210
323
247
245
340
250
252
243
256
251
252
231
307
246
254
225
228
246
271
260
240
252
244
245
260
238
256
254
241
238
263
235
250
239
250
227
273
228
227
298
243
327
241
262
243
242
252
220
259
246
228
266
213
256
233
249
252
239
251
289
241
249
302
231
234
239
215
257
243
261
242
243
249
225
229
250
228
225
226
262
242
245
256
244
239
246
249
260
248
242
234
278
259
245
285
253
244
252
241
247
244
244
248
216
246
242
237
287
288
236
207
291
256
295
209
252
240
242
259
247
236
227
252
232
244
258
249
247
234
237
307
247
245
230
239
247
272
241
238
236
247
243
242
403
242
249
255
247
241
264
223
225
253
259
238
235
261
234
217
241
261
247
309
217
238
240
309
319
241
239
246
246
237
221
241
251
251
331
243
241
239
247
304
241
246
242
226
325
295
240
229
239
316
241
242
273
332
241
251
236
233
233
242
234
306
237
246
236
238
230
237
224
233
230
229
235
236
225
250
229
244
295
229
250
232
234
209
241
239
237
247
321
249
245
214
245
224
266
245
226
252
255
242
244
247
330
247
246
248
249
245
227
244
242
233
234
249
242
227
249
264
215
244
216
238
237
230
224
264
243
226
305
246
244
216
230
248
224
222
242
258
241
246
242
244
243
237
236
239
238
252
257
233
255
233
216
260
246
260
249
243
242
247
245
250
227
262
255
264
224
324
240
255
238
216
301
246
261
302
240
246
275
219
223
268
206
260
248
246
255
250
238
242
244
257
315
225
250
239
295
244
245
248
314
237
233
263
235
236
262
247
352
241
234
228
222
242
230
239
234
241
230
239
305
241
239
257
248
241
244
297
240
237
283
240
237
240
240
276
298
251
287
231
254
278
249
241
251
237
266
281
246
210
240
250
287
221
233
226
264
214
243
244
246
239
308
246
252
227
267
273
272
238
241
251
217
242
249
259
253
243
247
250
242
243
243
268
241
314
281
231
218
246
305
239
236
242
241
244
278
225
218
248
265
235
244
245
246
236
279
243
247
229
239
248
263
237
363
239
242
254
241
217
238
265
240
240
264
317
252
242
247
259
242
236
257
247
294
257
216
212
300
236
243
272
212
235
215
248
245
245
240
242
241
323
257
255
241
248
241
238
284
227
240
331
236
242
223
244
244
240
286
259
244
233
254
243
227
225
230
244
241
254
243
238
279
299
237
239
241
226
215
231
242
229
236
230
214
359
236
231
231
219
219
241
322
246
242
243
262
229
247
280
244
233
329
226
232
346
244
256
237
242
234
220
241
263
252
247
318
227
243
213
244
295
249
246
254
267
250
246
244
291
243
228
223
249
311
247
246
256
235
242
276
248
248
243
243
253
288
242
259
242
237
430
310
236
241
345
249
248
282
246
244
277
305
259
222
243
247
248
231
244
242
253
229
216
244
245
244
251
213
244
245
247
263
252
242
242
240
239
252
240
240
250
245
244
259
231
255
316
237
246
305
244
254
255
245
324
238
252
255
247
242
286
245
221
251
248
235
249
244
249
232
240
374
247
240
250
239
247
327
247
244
240
240
247
221
271
241
239
261
252
247
242
239
235
216
245
245
241
239
296
243
223
239
241
241
232
224
245
233
238
243
232
220
245
256
218
255
271
265
274
255
242
250
259
239
250
219
244
254
247
246
248
252
251
296
251
239
248
243
251
250
249
257
249
242
261
249
259
231
258
250
249
254
245
241
257
247
249
228
239
269
222
363
438
243
249
247
280
247
219
253
248
247
235
249
325
285
