332
307
454
344
333
412
384
337
369
415
332
331
299
346
342
351
347
428
383
342
487
361
325
342
359
282
339
344
321
324
370
344
369
465
392
410
327
359
362
345
320
351
328
333
341
348
447
338
354
325
326
366
330
360
327
344
334
335
395
329
324
326
361
336
323
329
328
354
329
320
338
326
308
387
336
346
323
335
323
352
318
331
340
341
339
308
300
290
327
308
329
338
438
355
321
321
345
407
312
319
282
399
310
349
290
370
284
308
248
316
502
273
442
281
322
271
291
296
233
274
229
285
397
252
408
256
235
315
255
708
279
338
251
236
345
239
286
294
244
281
280
281
260
385
276
300
282
286
256
362
302
301
270
306
276
301
293
477
302
308
274
327
303
356
297
306
290
336
304
303
298
308
317
300
300
348
291
285
424
369
303
307
300
302
388
369
302
335
346
313
293
380
334
296
349
313
350
303
345
355
261
276
748
250
274
287
280
372
256
278
283
343
297
280
284
443
269
387
283
272
257
287
236
313
314
324
268
259
283
261
274
313
284
240
274
272
258
261
278
329
278
360
254
294
282
375
282
415
311
554
270
272
272
272
269
334
249
284
290
270
250
274
257
285
269
315
272
316
278
248
362
306
279
334
256
281
306
276
270
267
270
268
255
266
249
307
274
329
275
269
258
266
259
265
331
241
302
372
272
273
322
326
304
304
305
304
311
319
271
319
301
322
300
357
307
302
305
298
303
304
275
308
324
307
298
305
321
366
303
285
305
299
284
316
302
301
297
309
338
337
363
332
307
305
316
313
301
351
285
304
378
283
304
353
292
297
329
296
344
302
301
413
302
299
302
304
306
302
314
374
296
319
296
306
299
300
326
299
319
299
306
317
301
298
386
272
307
300
299
295
284
317
289
306
283
385
315
300
346
294
304
300
300
373
301
393
302
288
306
367
287
308
266
285
286
299
305
398
294
268
347
293
302
314
299
298
313
320
315
335
309
396
305
303
340
316
274
311
299
303
287
303
339
310
306
299
305
294
285
311
343
314
295
392
329
306
298
917
712
274
302
309
301
318
309
304
298
275
303
373
309
291
317
299
297
316
287
307
300
306
302
292
285
348
279
395
288
302
304
311
300
287
340
302
304
337
300
301
319
296
272
462
306
291
322
296
300
295
311
304
265
309
297
285
297
295
274
313
256
293
281
309
285
286
273
351
300
339
313
288
303
295
301
296
296
391
338
306
292
352
278
287
301
298
293
297
262
292
255
320
305
282
330
304
297
318
287
306
315
310
300
343
297
322
319
299
318
302
303
306
302
322
309
286
307
338
301
279
470
337
320
300
310
312
303
289
318
306
289
303
306
297
323
312
309
362
299
303
306
300
273
374
329
305
281
296
422
302
306
301
304
300
286
280
289
313
302
314
299
289
286
303
303
314
300
304
355
309
329
303
301
304
332
385
266
386
331
304
376
307
297
310
301
300
308
286
303
302
296
303
302
313
279
291
316
317
325
292
318
280
274
329
327
309
305
314
268
264
312
365
306
427
314
305
301
283
302
310
309
301
324
320
266
272
319
374
303
301
327
330
284
303
309
300
293
357
278
302
265
321
281
290
307
300
295
287
349
304
329
302
287
299
313
303
296
354
303
307
317
321
302
313
300
313
373
304
301
393
288
402
328
306
278
313
361
303
297
306
306
304
309
297
309
298
278
309
259
305
304
295
302
355
282
369
341
325
349
375
309
304
345
311
323
316
301
359
310
328
307
304
321
298
283
298
337
303
303
299
319
315
270
308
315
297
387
721
334
282
299
300
300
297
327
296
305
314
325
300
359
310
304
786
277
275
315
302
293
297
266
295
303
302
321
295
298
290
317
300
299
311
324
304
296
312
289
311
366
302
328
302
271
342
296
303
291
346
313
303
294
302
380
286
335
287
317
309
308
299
289
289
313
310
359
298
337
318
317
298
290
324
360
281
321
306
299
304
350
370
376
307
302
358
295
378
328
303
294
310
272
315
294
294
435
342
297
294
293
319
276
311
304
281
368
286
300
312
295
312
305
296
309
331
272
312
313
300
303
382
300
297
317
313
344
312
311
314
316
299
288
296
293
350
296
297
322
290
290
299
317
300
368
324
297
319
299
314
303
299
368
311
307
301
317
307
302
360
328
303
381
316
344
300
297
423
293
288
369
297
295
345
297
309
298
279
352
299
302
340
297
299
318
347
298
299
330
339
314
361
284
286
732
317
269
291
299
298
294
303
300
296
326
306
288
293
307
310
312
309
300
301
316
313
324
317
287
306
296
311
308
302
301
307
290
290
307
287
302
288
306
330
332
401
355
390
303
318
334
295
298
384
287
412
302
327
304
286
306
307
308
307
312
317
309
276
307
362
313
325
309
302
302
311
301
332
302
356
314
311
288
308
302
308
302
294
311
409
387
284
295
333
312
314
343
271
306
326
329
290
290
297
302
382
292
302
307
296
377
301
303
297
298
281
321
306
354
313
307
301
433
413
