449
391
414
425
419
443
387
451
446
414
396
383
432
387
393
407
380
402
420
391
388
400
437
390
594
392
331
467
380
386
399
418
386
395
408
399
388
421
454
395
374
386
411
374
393
444
487
537
430
385
399
414
427
405
413
401
385
364
422
415
379
406
393
416
605
398
396
415
419
436
439
380
476
387
416
379
418
395
402
402
404
418
367
382
387
391
432
393
427
453
387
426
398
510
543
402
389
373
359
371
317
321
280
420
312
337
338
318
454
331
317
306
292
341
332
320
327
286
362
321
408
318
369
318
344
337
339
320
321
302
453
315
521
317
346
412
376
346
419
321
332
321
420
333
323
334
321
328
364
335
363
395
398
369
454
370
386
348
377
360
364
428
399
332
350
373
428
360
444
427
339
377
489
365
342
368
486
364
360
463
354
357
397
419
359
388
357
420
472
438
366
379
379
382
365
345
378
335
428
378
473
339
301
347
394
349
354
344
339
355
356
394
344
310
335
342
340
335
347
347
408
288
320
304
327
274
382
295
459
364
357
354
331
421
312
331
356
343
327
282
438
327
310
310
318
286
330
312
310
331
303
350
318
320
340
325
327
381
336
340
365
400
294
329
329
288
484
360
336
331
449
332
339
343
330
336
407
338
332
335
341
341
330
286
432
324
342
329
369
333
321
331
373
348
351
331
342
333
351
334
382
377
366
364
537
351
360
383
405
363
364
367
351
357
366
373
378
370
407
400
371
360
367
476
449
426
356
357
369
365
369
441
356
334
398
443
368
361
398
332
364
367
377
387
391
398
372
335
358
348
357
408
371
361
362
363
361
367
361
363
377
361
344
379
370
351
379
450
347
390
380
354
356
457
342
342
409
359
356
361
362
366
365
376
472
388
361
364
365
360
382
350
361
361
365
383
360
396
357
495
355
360
453
429
357
358
353
429
358
401
325
349
345
394
354
365
463
361
316
361
438
367
357
422
470
365
366
494
355
366
362
417
373
363
444
457
441
467
359
354
359
369
426
397
425
350
373
360
434
377
541
416
363
356
369
416
363
362
414
364
361
394
354
350
361
357
360
403
360
459
345
365
371
367
319
576
372
437
346
363
349
399
388
347
366
349
429
379
362
365
366
465
334
366
363
377
370
375
321
361
376
324
413
373
320
388
476
374
337
432
365
412
359
372
354
356
470
331
357
359
370
344
318
364
348
361
357
336
337
356
368
323
351
363
404
453
355
378
352
356
325
359
435
336
390
349
318
331
364
461
442
353
362
365
363
361
421
465
343
386
364
358
360
377
355
365
359
366
402
361
357
419
362
357
387
451
361
364
355
354
333
359
443
345
357
406
360
359
348
359
364
383
366
363
364
438
381
383
360
382
356
538
350
373
405
360
422
360
371
365
356
361
331
390
366
360
372
477
360
359
406
370
363
346
477
366
361
355
358
356
357
356
342
375
381
363
368
404
368
376
421
430
372
371
470
373
371
383
418
367
363
369
368
406
327
376
321
325
375
337
367
368
382
367
351
350
360
362
352
361
357
396
341
369
419
376
376
382
348
366
363
360
346
356
354
432
350
351
353
355
357
381
364
396
340
426
376
359
354
354
363
471
348
371
364
379
404
327
325
380
363
354
350
366
363
519
410
358
358
361
372
354
470
371
365
358
384
372
359
366
381
343
365
350
348
351
403
354
366
364
358
359
371
361
341
365
377
369
355
362
359
365
353
360
363
358
349
379
366
364
393
359
364
477
607
355
356
333
366
314
386
356
383
364
371
344
363
349
324
376
413
343
347
361
383
364
385
377
369
353
363
463
344
328
519
408
336
315
390
313
342
363
440
367
357
431
424
360
404
395
364
364
376
359
383
371
363
368
358
364
356
352
359
335
365
388
451
443
386
362
353
450
354
357
356
394
465
560
376
362
351
358
361
453
750
411
358
367
358
370
344
405
376
359
396
400
347
416
360
377
371
385
373
347
358
380
362
391
536
541
562
469
502
402
371
505
360
444
456
413
363
393
358
489
384
379
361
360
410
363
370
366
395
360
377
435
357
354
371
381
350
381
359
372
357
361
360
367
391
1060
369
363
349
355
354
389
364
362
403
346
349
354
373
355
379
337
468
377
352
364
349
346
377
354
370
367
356
370
360
367
406
412
350
375
466
1395
399
361
371
330
452
405
354
366
338
366
383
353
356
339
349
346
331
366
350
381
366
455
396
369
362
309
311
356
356
439
356
326
413
348
330
361
419
340
382
351
385
349
352
362
355
383
357
345
360
359
385
428
346
364
348
344
379
371
390
397
363
362
417
371
361
365
359
333
362
363
367
434
382
403
331
374
379
454
362
359
412
386
352
369
744
448
363
365
365
365
365
370
358
330
379
374
474
355
372
389
407
363
364
396
435
390
454
363
355
447
363
358
615
371
382
362
372
348
376
359
379
473
393
360
394
368
450
380
360
364
374
380
333
366
348
372
361
338
356
415
370
355
446
330
332
359
1081
390
354
363
364
368
379
367
