521
462
462
448
641
460
506
473
482
467
525
501
487
655
445
449
485
449
425
450
473
403
425
444
526
580
472
480
403
440
416
400
476
399
489
419
380
403
402
428
407
409
404
427
397
406
401
487
530
442
488
420
432
418
402
406
377
449
453
692
532
523
545
459
482
554
412
533
456
484
410
498
600
422
405
407
410
468
423
472
417
434
463
561
511
445
450
463
468
489
424
425
495
490
472
475
528
618
474
452
433
410
349
383
328
364
357
416
402
341
350
360
323
544
403
329
359
451
491
341
430
342
314
332
343
406
307
414
381
419
361
358
440
516
362
340
528
357
351
345
364
339
374
345
360
433
352
331
354
360
482
563
470
505
539
411
386
431
628
430
405
429
393
447
426
404
397
471
412
402
438
423
372
409
400
373
394
409
591
381
388
382
391
418
422
403
449
502
422
508
432
387
377
366
414
362
406
381
367
395
353
402
425
372
475
394
335
405
482
386
491
378
403
404
430
397
407
371
380
481
375
443
404
376
521
414
395
401
416
552
351
386
384
443
370
386
382
509
333
432
403
458
351
404
421
381
340
394
456
367
352
403
468
373
416
345
389
389
470
384
409
411
399
454
394
381
390
374
379
373
417
536
361
425
377
538
371
395
511
427
352
398
342
377
391
460
466
390
385
369
439
388
383
457
434
384
607
380
390
519
426
436
394
437
544
432
444
544
490
436
400
424
422
422
429
420
427
416
381
449
414
488
412
384
423
431
480
441
408
424
431
423
380
421
489
528
435
482
439
396
420
418
450
433
388
432
436
414
472
511
420
414
420
499
482
426
468
404
418
427
512
424
410
417
416
406
422
454
437
412
419
434
374
422
552
418
412
494
465
498
405
406
506
551
411
376
433
416
403
438
420
426
423
457
502
545
417
423
437
394
444
484
420
418
432
423
413
419
450
488
427
524
434
397
422
425
438
446
396
418
440
431
508
419
421
436
493
446
434
454
417
427
412
431
556
422
374
417
414
412
413
419
430
451
448
431
435
509
480
416
412
407
415
445
432
426
419
409
413
403
428
526
413
414
444
448
417
548
430
497
412
421
464
395
426
416
427
373
490
473
429
447
412
426
420
528
487
410
420
407
412
366
465
430
433
438
378
427
418
421
482
390
467
413
551
461
464
477
415
386
388
420
415
444
446
499
513
514
446
410
413
426
474
420
417
422
421
426
370
417
432
440
414
420
408
399
430
509
402
440
461
546
408
397
410
391
412
431
422
421
417
436
471
493
533
548
467
431
430
436
408
411
430
429
548
542
431
427
391
431
465
545
432
389
421
425
392
426
436
487
387
395
418
379
441
488
418
422
473
398
427
493
387
445
562
437
417
382
422
394
415
533
496
415
434
435
464
389
444
419
427
417
404
460
417
418
409
467
429
509
438
444
444
454
422
426
449
431
400
428
431
453
411
421
522
436
410
409
376
517
401
451
423
420
414
426
418
420
434
398
437
521
374
427
425
428
437
445
469
367
578
435
406
386
420
434
416
431
413
397
417
433
418
440
441
422
415
528
433
430
407
416
383
395
398
450
440
396
404
464
454
436
414
439
409
400
422
459
443
405
418
427
381
380
422
497
413
423
412
458
479
423
470
454
425
508
436
428
432
462
451
467
437
426
425
443
417
438
419
419
502
426
531
421
405
422
418
420
549
518
406
422
434
427
541
428
462
377
428
479
434
407
411
484
448
431
425
438
420
420
512
416
434
417
477
418
457
421
422
498
514
425
412
451
414
433
410
437
717
462
444
420
433
405
417
424
446
436
446
449
418
420
418
439
422
406
425
417
418
413
414
419
432
430
435
414
390
445
517
410
412
414
410
416
414
394
410
536
450
499
438
418
458
434
443
494
477
470
421
447
465
473
435
420
467
419
424
427
449
399
450
415
428
414
524
418
439
404
428
420
421
432
417
415
420
431
441
412
446
437
400
410
412
417
415
432
414
413
399
405
482
388
580
425
416
499
414
553
375
414
440
422
420
450
386
416
416
414
433
436
378
453
397
416
1068
553
415
501
424
438
495
415
374
409
446
461
405
432
429
517
385
411
432
416
421
389
475
426
450
429
413
446
482
412
414
408
406
402
402
405
412
406
422
522
422
429
454
437
450
433
541
483
442
1552
438
473
414
416
421
433
498
417
449
399
414
432
419
442
486
428
413
454
413
419
348
452
395
422
415
413
415
417
418
417
454
424
424
429
403
455
446
411
430
414
412
422
410
437
422
457
406
424
443
428
416
402
417
415
431
418
506
444
463
394
446
462
444
415
535
412
429
422
461
419
437
390
426
432
433
419
449
429
427
417
427
438
484
514
446
415
430
438
411
420
423
416
437
419
420
435
441
413
434
552
538
567
430
412
412
417
563
569
418
435
449
444
434
424
428
424
472
434
641
504
432
421
425
432
401
503
440
420
425
413
417
428
422
414
425
562
463
427
426
440
428
415
531
514
591
409
466
458
436
466
398
429
419
417
420
543
