495
514
654
532
505
493
515
541
481
744
509
610
459
480
509
503
501
491
481
528
627
618
489
489
483
610
576
679
544
545
527
622
491
478
487
500
633
622
561
547
544
622
627
569
551
652
600
544
568
457
468
546
491
471
482
476
494
668
476
496
541
470
540
481
488
634
659
754
533
624
686
511
572
502
498
472
494
463
481
484
501
456
611
592
635
471
476
557
498
535
491
473
499
518
492
463
500
473
471
505
447
403
449
439
392
410
539
521
415
373
385
483
408
426
449
399
386
414
393
399
396
416
579
771
472
431
423
425
403
588
469
540
416
820
423
422
527
418
481
444
491
415
439
408
440
380
413
427
817
822
452
533
496
477
556
476
594
475
446
551
499
424
417
456
665
436
439
430
472
459
507
477
476
1263
542
469
452
454
466
449
459
537
452
734
511
510
508
733
463
525
578
522
487
498
463
498
469
465
458
465
509
432
457
542
447
500
503
492
447
442
437
477
482
524
459
503
435
448
406
462
436
503
452
465
471
453
561
474
458
449
920
457
463
505
480
456
480
473
464
608
455
426
490
760
428
444
483
572
544
437
595
430
450
466
438
471
404
448
596
448
447
411
491
437
489
573
442
528
439
452
471
437
426
434
469
438
593
460
430
459
446
702
459
505
470
434
457
547
394
447
440
457
439
446
438
640
461
482
454
485
553
487
467
515
478
494
452
486
486
504
495
560
454
484
506
517
544
453
528
505
494
510
492
561
509
535
518
576
462
554
575
548
502
486
478
532
500
478
562
589
545
531
503
503
522
529
521
547
510
543
456
563
505
489
497
516
523
494
472
494
410
474
515
479
620
482
721
502
520
428
496
532
463
494
433
497
623
429
561
489
657
497
638
516
485
498
475
479
504
494
481
488
459
499
497
487
507
489
471
485
469
440
562
491
539
472
487
488
489
482
522
480
502
444
490
497
489
482
462
520
504
513
499
532
505
538
573
516
522
446
491
571
618
500
527
545
576
607
547
509
511
492
615
490
567
560
472
438
534
489
479
489
507
488
586
481
495
537
463
471
515
514
461
504
465
485
551
503
481
1320
484
511
528
615
516
495
469
476
483
529
637
472
466
514
571
577
544
543
526
481
535
529
479
502
508
472
498
519
495
619
477
476
474
486
478
480
427
479
505
515
500
532
570
490
551
496
474
476
483
525
515
575
512
516
486
485
490
524
635
575
553
521
493
609
630
514
507
515
516
507
519
450
521
485
500
443
504
493
578
521
495
488
468
487
488
503
488
503
463
495
632
598
491
503
495
471
495
498
596
535
498
625
508
562
549
596
471
487
477
486
479
571
523
475
481
462
525
481
502
480
576
542
527
553
589
480
483
562
510
511
507
478
512
468
476
578
501
584
518
1322
519
447
497
514
491
502
561
496
481
480
515
505
494
491
495
518
545
478
479
482
519
567
502
484
562
484
470
483
503
469
552
483
576
510
460
478
476
516
540
598
444
464
563
477
424
479
453
514
538
461
567
564
496
492
509
519
510
504
526
767
473
494
505
471
495
501
598
499
496
482
494
479
518
639
527
575
502
484
484
514
534
622
527
474
530
520
515
476
498
608
448
621
523
515
566
515
470
583
564
523
589
484
452
551
541
603
641
627
575
510
602
453
519
543
513
519
570
512
609
491
507
472
601
491
500
453
481
530
474
491
507
509
452
466
554
586
528
435
535
549
485
439
516
505
606
504
546
533
533
521
645
752
532
516
530
501
489
519
429
528
590
529
465
458
477
472
492
507
517
506
529
665
606
474
633
520
524
473
474
502
468
473
500
501
533
487
466
568
504
504
510
518
516
538
508
482
543
476
475
548
513
505
540
523
549
532
543
659
613
557
513
681
535
493
646
460
597
513
495
554
498
500
519
471
559
533
479
490
441
492
550
564
491
595
501
606
503
607
528
604
612
540
485
539
496
494
492
505
478
443
457
613
486
591
543
724
501
510
564
575
490
469
448
503
506
596
590
519
516
429
688
506
536
510
479
505
436
442
500
473
507
498
498
546
539
480
497
681
490
529
488
512
531
502
534
465
552
536
517
480
442
492
566
491
536
440
509
461
541
486
496
439
504
573
476
525
512
480
573
514
512
485
489
518
511
480
511
529
486
505
492
544
5819
492
476
512
467
518
537
542
465
450
582
501
464
530
534
496
500
576
474
498
502
490
462
496
469
616
552
449
525
518
512
565
655
537
541
600
546
610
493
499
476
547
481
473
644
495
468
459
457
585
465
462
518
492
487
517
496
507
588
520
500
507
490
563
489
511
509
511
516
531
504
516
553
575
562
530
534
528
528
539
528
552
479
516
500
519
563
596
499
518
552
505
513
512
597
616
481
509
515
450
556
560
522
456
515
472
527
523
488
533
503
580
503
506
524
545
512
544
622
515
511
501
534
518
516
600
521
484
522
511
493
552
639
515
512
518
575
501
641
517
470
534
567
539
521
533
529
491
528
583
572
481
526
509
541
540
489
541
