108
53
49
50
50
46
46
54
52
45
53
76
48
47
46
63
48
46
41
44
48
47
47
48
48
46
41
47
40
45
45
44
49
45
41
43
44
40
46
43
45
48
45
56
48
49
44
52
44
49
50
50
53
48
45
46
54
47
42
45
52
48
48
43
44
49
44
41
44
42
49
49
51
48
45
47
48
47
47
44
43
44
43
46
45
44
57
45
47
42
52
47
46
42
43
46
42
47
52
48
41
41
45
42
37
51
36
43
43
38
41
36
36
66
35
38
35
34
41
44
38
40
42
38
38
40
37
37
39
42
36
41
40
42
45
38
37
45
41
37
37
43
40
39
43
38
40
39
40
37
46
49
46
46
38
41
46
38
45
41
40
51
44
41
40
44
44
44
40
79
41
42
41
40
41
44
60
45
42
41
39
45
41
37
42
37
42
44
43
49
46
43
47
45
43
42
44
44
43
43
40
54
39
47
33
37
41
36
46
37
38
41
43
39
44
38
40
37
44
42
42
44
41
41
38
40
39
41
37
40
36
37
38
38
39
39
37
41
42
39
37
38
43
42
40
33
35
34
38
48
39
41
39
37
41
37
37
37
37
35
44
37
54
36
37
38
39
38
41
37
36
48
37
35
57
37
34
38
35
58
36
34
36
40
36
44
40
42
42
40
41
40
41
41
41
40
38
38
40
51
44
44
42
82
41
45
41
40
45
40
39
42
38
42
40
42
40
39
40
46
115
49
45
58
47
43
44
45
47
41
47
44
44
41
47
41
50
40
46
42
47
46
43
42
46
45
43
45
49
46
47
41
46
47
40
53
50
37
40
46
38
39
42
39
42
41
40
41
61
45
45
44
43
45
45
43
52
54
44
40
57
38
42
41
37
44
42
42
40
43
42
40
41
43
75
39
42
41
38
43
45
44
45
43
44
68
45
43
42
44
41
41
40
41
43
41
42
41
42
41
40
41
49
48
52
54
42
43
41
40
39
42
42
42
118
41
41
44
40
40
42
45
40
44
40
45
39
44
41
41
39
45
40
46
41
42
43
41
42
41
45
42
44
42
43
46
43
40
46
41
40
41
44
42
40
39
39
70
40
44
38
43
41
52
39
45
39
42
42
40
42
44
42
48
45
41
42
61
41
49
42
46
39
100
44
43
36
40
43
39
41
41
40
37
54
37
40
119
42
37
40
41
39
42
39
44
39
41
38
40
40
41
40
39
39
37
39
43
38
43
40
41
41
43
45
39
50
38
38
44
49
55
49
48
51
43
47
43
44
42
41
47
41
42
40
43
41
42
44
43
44
41
42
50
44
44
39
41
43
42
43
41
41
43
55
44
44
43
44
42
43
47
47
42
40
43
39
41
42
42
39
42
42
41
74
41
42
55
42
41
42
41
42
39
39
41
41
43
44
41
57
42
42
43
45
46
58
44
43
44
45
43
42
41
43
46
46
41
43
41
42
41
42
43
43
41
41
41
42
47
45
45
44
78
43
42
41
45
43
41
48
60
44
46
43
44
44
46
43
45
44
45
43
77
44
42
44
43
41
46
43
43
44
87
42
50
39
44
45
43
44
42
44
44
43
43
44
43
42
44
41
43
41
44
43
40
42
43
43
40
43
39
42
43
42
42
42
43
40
43
47
41
42
44
44
44
45
42
59
43
43
41
48
47
43
43
44
43
43
41
42
60
41
42
59
42
43
45
44
44
43
43
43
47
57
57
44
44
43
43
44
41
44
46
44
43
40
41
43
43
42
41
41
43
43
41
43
42
41
43
40
43
44
44
44
41
42
40
43
44
48
45
40
43
40
44
48
47
42
40
43
44
47
45
41
43
43
39
42
40
38
41
45
40
42
40
44
38
40
39
45
44
42
41
41
41
41
39
44
43
46
41
66
39
44
43
40
44
44
48
41
41
41
41
41
41
40
41
39
71
42
45
42
40
43
46
49
38
44
42
39
47
40
41
69
42
39
41
39
44
39
52
44
44
45
44
44
43
42
43
42
43
39
42
46
43
43
40
41
53
44
45
43
44
42
73
44
43
44
44
41
45
43
44
68
44
42
43
45
45
44
45
43
55
50
42
51
47
41
42
42
48
40
40
43
44
41
57
43
45
44
43
45
42
43
43
43
44
65
58
43
43
72
44
43
43
42
43
42
42
42
41
43
41
43
45
41
43
39
41
80
41
43
40
42
41
44
40
44
47
46
47
45
47
48
44
45
47
46
47
47
42
45
47
43
43
44
43
45
42
43
47
42
43
41
40
41
40
42
51
49
46
46
47
48
41
46
43
40
44
44
47
40
43
107
39
45
45
43
45
49
75
39
42
40
43
42
41
41
39
40
39
42
47
48
51
47
55
40
41
40
43
40
40
40
39
42
42
43
43
43
43
42
43
40
42
40
43
44
39
43
39
45
42
40
42
42
39
43
41
43
39
42
41
41
39
55
43
41
44
42
41
40
41
42
42
44
39
42
40
41
41
39
42
39
43
59
44
45
44
