750
647
586
582
581
567
539
510
537
698
568
543
521
530
617
635
547
608
510
492
795
552
543
531
498
498
575
588
534
523
593
524
505
517
512
491
512
570
530
528
571
639
671
555
558
534
567
573
642
538
668
581
529
541
579
552
542
534
531
548
522
511
712
646
607
531
504
495
643
607
532
544
590
683
672
566
585
542
546
533
506
531
540
824
642
676
544
505
544
584
542
561
672
547
531
564
637
540
586
524
498
431
513
541
429
480
455
426
442
421
419
510
444
446
454
459
435
475
442
635
607
461
563
465
597
467
435
423
423
469
696
488
479
449
509
468
472
589
442
423
437
439
460
474
622
420
532
503
521
566
539
643
526
509
633
554
513
482
551
518
599
539
660
541
588
634
551
525
540
521
501
582
530
500
515
535
515
613
513
502
508
547
471
656
593
746
623
555
493
1607
703
542
634
503
458
534
563
614
561
544
524
542
518
570
621
601
711
548
568
617
584
568
570
506
885
557
598
588
561
531
595
552
521
579
533
540
550
531
585
575
582
558
517
526
527
541
545
471
511
549
492
587
579
610
522
625
547
546
560
573
511
641
522
491
510
504
721
621
547
571
513
534
503
475
528
528
548
516
502
567
735
575
534
462
512
522
517
691
528
569
524
478
529
593
602
657
608
682
620
665
561
590
693
610
565
549
666
548
529
500
567
587
591
612
581
569
572
591
600
593
571
556
580
567
664
646
687
562
615
583
640
566
579
601
690
581
593
585
527
531
597
549
646
531
578
570
608
577
684
588
613
574
587
577
561
554
562
660
639
566
530
558
614
620
566
668
625
667
542
603
566
545
571
578
545
501
641
513
591
665
602
569
592
530
557
577
718
725
653
563
548
535
577
544
562
560
606
528
546
517
617
601
505
508
545
590
556
550
567
529
592
692
592
642
496
582
628
562
686
541
614
645
595
564
549
569
562
506
532
546
549
560
530
704
525
691
666
549
684
585
545
576
591
647
581
518
588
546
4270
571
745
574
700
654
690
632
586
695
558
535
547
552
541
588
593
578
558
648
547
549
554
593
671
728
718
630
558
574
549
620
503
549
603
630
714
543
558
569
562
567
723
581
570
575
569
590
594
664
665
556
577
707
634
557
556
500
552
543
556
571
695
681
582
586
570
550
606
578
589
536
576
546
578
565
724
557
585
555
517
545
556
503
633
692
590
540
594
570
619
584
600
616
688
635
550
556
572
562
562
545
572
565
579
589
586
597
534
524
538
516
582
534
552
523
543
573
486
548
495
531
513
615
551
548
582
538
695
745
498
553
544
548
564
526
528
529
614
579
597
668
553
532
528
540
1099
498
531
504
555
637
489
531
568
552
553
613
505
565
721
972
533
866
590
628
533
564
532
620
537
566
522
527
517
500
545
536
534
494
607
523
508
513
559
574
687
522
508
544
533
546
605
616
542
557
603
533
535
555
591
490
573
538
524
592
610
484
571
556
587
548
554
549
532
542
570
583
638
598
584
613
577
684
589
602
633
582
580
576
593
566
590
570
550
667
655
540
541
588
535
566
598
566
599
660
548
558
563
557
585
548
536
556
576
630
625
561
762
587
521
600
547
567
607
889
535
597
564
510
547
655
542
895
550
548
557
730
584
536
523
670
575
692
550
555
535
538
574
688
624
565
600
606
667
592
576
564
534
593
572
604
599
618
644
575
581
546
543
545
587
717
844
627
577
541
529
521
526
609
708
692
571
608
574
606
622
567
874
598
577
558
604
598
538
700
552
514
576
583
538
569
576
576
679
567
553
548
547
593
663
639
675
575
730
520
607
562
556
562
541
521
560
602
571
569
579
604
565
607
568
549
574
604
613
587
709
555
553
546
530
653
657
602
557
564
521
530
516
563
501
516
706
679
602
564
570
607
749
560
584
563
568
592
575
559
614
585
588
602
580
660
666
563
624
532
546
650
594
539
677
553
570
536
573
602
702
545
533
548
569
628
594
584
520
550
552
558
536
540
523
591
645
551
573
564
553
722
633
586
701
576
597
536
590
601
534
551
709
603
542
2166
537
515
611
536
551
557
552
630
639
661
634
574
588
593
601
634
676
585
619
571
582
568
641
620
556
572
500
545
650
598
550
508
594
556
522
547
524
596
591
574
595
620
554
551
579
568
543
558
580
545
555
541
553
536
574
546
586
594
533
570
617
599
522
533
524
506
543
556
519
652
661
592
605
589
602
619
531
577
553
642
614
581
566
604
608
590
792
574
553
536
587
570
634
652
697
551
547
578
623
618
604
581
580
578
573
574
504
579
601
620
566
554
518
578
573
536
568
519
587
568
545
1120
582
590
523
611
577
530
603
570
580
581
576
560
563
689
601
615
503
639
579
543
547
786
582
640
584
582
578
762
579
614
511
605
554
580
563
562
559
650
719
597
533
592
597
569
578
699
661
516
533
591
540
557
535
484
734
587
580
629
593
521
590
599
541
559
607
606
570
664
751
594
559
598
565
649
573
595
598
692
