9
8
7
8
7
6
9
10
9
9
10
9
9
9
8
18
10
10
8
10
13
8
10
13
8
16
8
9
10
9
9
8
9
9
8
9
10
9
9
10
7
7
7
8
8
6
9
8
7
7
8
8
7
9
7
6
8
7
7
7
6
6
7
21
6
8
6
6
8
7
8
7
7
6
8
7
7
9
8
7
7
8
7
7
6
6
6
7
7
6
7
7
7
6
6
6
5
7
7
7
7
8
7
8
6
7
7
10
19
8
8
9
7
13
9
8
54
8
9
9
12
9
9
11
7
6
8
6
50
9
9
9
8
9
10
7
9
9
7
9
8
9
6
8
9
8
8
9
7
10
7
7
7
7
10
8
25
46
9
9
12
9
8
16
9
8
8
8
7
7
8
10
9
10
9
7
6
7
6
8
7
8
7
6
7
7
7
7
6
6
7
6
6
8
8
7
6
7
6
7
7
7
7
6
6
7
7
8
8
7
8
8
10
22
7
7
7
8
6
6
7
7
7
6
8
6
6
7
6
7
6
5
21
6
6
5
5
7
5
6
5
5
17
6
5
6
5
5
6
5
7
7
6
7
7
7
8
9
7
7
12
10
8
9
8
8
8
7
8
7
11
7
8
7
7
6
6
7
6
6
6
7
6
8
7
5
5
6
7
6
6
7
7
7
7
6
7
6
7
8
7
7
7
7
7
13
28
9
9
7
10
18
12
8
8
8
10
8
7
8
9
9
8
9
20
8
7
6
7
8
7
6
7
7
7
6
6
7
6
7
6
6
7
7
6
7
7
8
7
7
7
7
7
6
7
8
7
8
9
8
9
9
9
8
8
8
64
8
8
6
8
8
8
8
8
7
8
7
7
6
8
6
8
7
6
7
7
6
6
7
6
7
7
7
7
7
8
7
6
7
8
7
7
7
7
7
9
8
8
9
7
9
8
9
9
8
7
9
12
8
8
10
7
7
19
7
6
15
7
8
8
8
8
8
7
7
8
6
7
7
7
7
6
6
6
7
6
7
6
6
6
8
7
7
7
8
7
6
6
6
7
6
6
6
7
6
7
6
6
7
7
19
7
7
8
6
8
7
8
8
8
7
7
8
8
7
7
7
7
7
7
6
7
7
7
7
6
7
7
6
7
7
8
8
16
8
8
10
9
8
7
9
8
8
10
7
7
7
6
6
6
8
7
7
8
8
8
9
7
7
9
7
7
8
7
7
7
6
6
8
7
8
7
6
7
7
7
7
7
7
7
6
7
7
6
8
9
7
8
8
8
8
9
9
8
10
9
8
7
9
7
7
7
7
6
7
6
7
7
7
8
8
8
8
7
7
7
6
6
6
7
8
7
8
7
6
7
7
7
7
6
7
7
7
6
8
7
7
7
7
7
6
6
7
6
7
8
8
8
7
7
41
6
8
7
7
7
6
7
7
7
7
8
6
7
7
7
7
7
6
8
7
7
8
10
6
7
6
6
7
8
7
6
7
7
8
7
8
7
8
9
9
8
7
9
8
8
8
6
6
6
6
8
9
8
7
7
7
6
7
8
7
15
6
7
7
6
6
6
6
6
8
7
6
8
7
7
8
7
7
8
8
6
7
7
7
7
7
7
6
7
7
7
6
6
5
7
7
7
7
7
7
7
6
7
6
6
7
6
6
6
7
6
6
6
6
6
5
6
8
8
7
6
6
7
7
7
7
6
7
7
7
8
6
6
6
6
6
7
6
8
8
7
7
6
6
22
8
7
7
7
6
10
6
7
7
7
6
7
7
6
7
6
6
7
6
7
7
8
7
8
8
7
7
7
7
6
6
8
6
8
7
7
8
7
8
8
9
8
8
9
7
9
8
9
8
8
16
8
8
9
8
8
8
8
8
6
8
8
7
7
7
8
8
6
7
6
7
6
7
6
7
7
6
6
6
6
7
12
6
6
7
7
7
11
6
6
7
8
6
6
34
7
5
7
6
7
6
7
7
7
7
7
11
7
6
6
7
6
7
7
6
7
8
10
6
6
7
6
7
6
7
7
10
8
6
8
7
7
7
7
6
7
7
7
6
6
6
7
7
6
9
7
7
8
5
6
6
6
7
8
9
7
7
6
6
6
6
6
6
7
7
7
6
8
7
6
6
8
7
7
9
8
7
7
7
7
7
6
7
7
6
7
6
58
6
7
7
8
7
7
7
8
12
7
10
8
7
6
7
7
6
7
7
8
7
7
9
8
7
8
6
6
7
7
7
9
6
7
7
7
6
7
6
6
6
6
7
6
7
8
7
7
7
6
8
8
12
13
8
8
9
10
10
7
7
6
7
6
6
9
8
8
8
8
6
7
6
7
8
7
6
6
6
7
8
7
7
7
8
7
8
7
7
7
7
7
6
6
6
7
7
6
7
7
6
6
7
8
7
8
6
8
6
7
6
7
7
8
6
8
7
6
8
8
7
7
6
7
7
6
8
7
6
7
8
7
6
7
6
8
6
6
6
7
7
7
7
7
8
