111
118
109
123
109
113
104
105
111
101
110
105
96
99
105
115
104
101
111
116
111
102
100
107
101
108
108
108
101
105
100
109
94
116
106
107
107
103
99
101
110
107
103
103
128
101
100
105
105
102
111
101
106
103
98
99
104
97
97
162
107
103
104
98
129
102
101
103
101
111
96
127
105
110
146
106
133
104
132
98
106
160
105
99
107
92
97
102
103
105
97
98
107
95
112
114
100
105
99
107
110
105
102
104
103
100
105
109
99
100
103
98
101
97
100
119
101
99
101
100
116
99
97
111
93
100
102
103
106
97
100
111
91
98
101
94
94
102
94
100
106
99
96
101
96
100
98
131
97
97
97
97
102
120
103
101
99
98
102
102
114
101
100
93
96
103
98
105
107
96
97
98
116
94
96
93
100
95
95
100
97
98
95
104
96
96
94
103
95
103
102
97
101
96
98
104
96
94
93
99
99
95
95
96
85
89
93
95
80
108
80
85
96
90
87
91
86
84
86
90
103
96
82
86
88
81
91
90
92
89
85
87
90
91
87
89
90
111
98
87
88
84
88
83
85
89
83
94
105
87
103
100
103
111
118
94
94
134
98
91
129
96
160
98
94
97
104
105
105
108
96
111
137
112
107
108
102
96
109
101
94
105
95
102
90
93
103
96
98
94
107
118
97
98
105
97
97
92
108
98
107
117
102
114
100
149
110
213
151
104
101
101
101
99
102
92
99
96
108
102
97
97
98
98
92
100
98
101
95
96
99
100
100
95
96
114
100
101
94
103
101
94
99
102
92
101
102
102
99
173
121
104
107
104
104
97
95
96
114
97
99
100
99
98
103
94
100
97
93
101
105
100
97
99
95
102
102
99
99
99
97
96
97
101
102
92
103
97
96
91
98
103
93
94
111
102
102
98
94
104
100
104
103
101
103
97
94
98
106
98
95
95
100
94
97
97
95
97
98
96
100
98
97
146
114
97
100
92
96
101
98
132
97
98
95
90
100
106
111
100
98
98
100
125
97
99
104
102
95
97
102
103
92
99
99
98
102
95
91
94
95
102
104
146
102
102
104
125
104
101
104
100
99
97
100
100
102
97
96
100
105
95
92
98
102
154
122
102
100
119
157
98
96
100
100
102
102
100
98
95
144
138
116
126
106
106
102
106
95
97
96
100
91
108
97
94
101
93
99
98
99
104
94
171
97
102
93
94
88
100
92
100
89
103
97
102
99
95
99
96
99
98
144
98
100
114
99
100
103
99
102
102
109
101
103
94
96
122
93
100
94
101
100
96
96
99
99
110
94
95
92
95
100
104
112
116
115
99
91
97
101
101
98
99
94
98
90
151
95
100
92
96
92
98
96
101
103
111
95
96
96
100
96
102
96
94
121
98
95
96
94
94
96
102
94
94
97
97
133
99
91
92
102
91
98
96
96
90
101
112
99
96
98
97
93
90
95
100
110
99
98
94
247
100
96
92
100
128
101
169
101
100
127
111
100
105
113
112
102
109
108
112
100
447
95
127
100
100
100
95
105
101
96
100
100
101
97
101
103
98
102
94
94
100
96
104
95
119
100
96
119
100
107
94
168
153
95
93
94
91
98
150
93
104
110
91
94
99
93
139
95
95
89
98
101
92
100
100
98
99
98
94
101
101
101
101
104
113
101
101
101
106
101
102
97
102
158
92
97
99
107
93
93
98
101
97
94
95
96
90
97
89
104
97
96
106
92
98
94
95
91
100
132
101
108
102
124
103
105
97
100
102
101
100
102
94
110
101
103
95
98
100
97
97
108
94
93
98
97
91
104
100
91
97
97
94
99
108
98
143
105
105
108
100
94
98
94
98
103
120
91
91
124
96
132
90
109
94
100
101
131
98
131
99
99
102
102
96
98
99
101
91
96
111
103
98
94
102
90
101
95
100
99
101
94
99
91
97
95
107
93
101
101
97
101
95
108
102
157
101
97
96
94
98
129
100
101
114
106
100
130
97
103
104
104
94
100
110
106
107
100
100
100
99
102
103
100
101
103
97
100
103
98
94
102
102
101
98
92
98
101
97
101
99
105
105
97
104
99
106
98
96
101
94
103
96
101
99
91
99
100
100
108
102
110
97
96
101
98
96
96
95
92
93
95
89
98
106
90
93
108
97
92
96
117
116
97
103
99
111
94
96
97
131
128
99
96
96
97
99
92
93
98
95
94
94
98
106
98
97
156
104
95
135
102
96
91
101
101
101
128
97
92
98
97
98
94
96
95
103
99
148
99
131
92
104
93
97
97
102
169
107
103
214
103
117
97
96
103
102
99
93
99
96
98
101
126
94
93
96
102
100
97
96
98
96
98
109
100
93
95
97
95
98
102
101
96
99
96
97
94
98
89
96
100
102
96
114
93
105
101
142
92
99
97
102
98
95
101
101
101
100
96
101
94
100
96
94
102
109
98
96
97
98
102
94
133
94
102
91
106
102
98
98
99
96
96
102
95
103
101
99
102
101
99
101
100
101
100
101
