175
192
180
181
212
179
219
166
170
170
179
171
167
172
163
169
172
173
247
165
168
176
166
229
172
178
189
170
214
174
167
163
165
174
227
159
164
166
168
156
185
180
178
176
175
170
171
171
175
178
178
221
204
204
173
167
168
173
164
173
165
189
194
167
162
169
163
179
165
169
154
167
179
158
173
172
167
165
192
171
263
173
170
169
212
161
169
175
169
161
176
183
158
246
194
176
166
172
175
166
167
168
166
163
168
231
156
158
190
158
162
163
170
260
164
160
165
156
160
207
163
191
169
162
172
163
168
189
156
164
152
166
165
164
159
156
161
164
150
167
170
150
181
161
162
187
161
167
157
162
164
167
280
164
161
160
179
167
180
173
166
163
163
168
160
178
165
153
160
163
167
153
171
164
158
188
169
162
160
159
159
157
151
159
156
157
165
162
152
186
159
163
189
155
160
160
159
159
159
159
164
249
155
174
161
146
144
145
195
163
146
151
146
147
150
152
146
180
142
152
192
163
149
168
159
149
157
156
154
142
142
182
149
145
201
137
130
144
149
153
142
142
162
147
155
157
152
157
144
142
188
181
172
230
811
181
156
386
155
168
170
153
171
154
156
165
149
154
162
148
161
162
151
168
156
157
154
161
219
167
176
157
157
163
158
162
150
162
144
174
219
173
177
173
172
161
160
174
157
167
172
162
164
172
166
156
167
146
221
238
165
162
166
161
157
162
167
182
164
174
162
178
166
162
159
164
161
179
164
164
169
220
162
163
156
164
161
180
162
160
162
150
167
160
165
157
160
159
164
165
157
168
161
158
173
161
164
167
170
161
176
156
163
159
153
179
149
162
196
155
198
157
160
152
167
166
213
156
207
186
164
166
162
165
160
157
160
164
163
164
164
158
152
165
158
177
172
164
208
185
171
164
160
150
162
160
160
178
163
163
158
211
155
161
161
158
162
160
160
159
158
154
147
158
164
156
150
169
168
157
151
160
164
158
180
162
192
154
158
179
151
156
167
162
180
164
202
155
158
166
157
158
163
163
165
159
163
163
168
162
162
198
160
154
165
159
161
154
166
148
156
150
158
148
182
158
158
162
163
162
161
164
156
158
172
168
165
155
160
161
189
161
165
162
163
155
165
171
155
168
173
168
168
219
162
167
174
204
164
165
163
165
184
162
159
163
166
165
163
207
163
169
160
158
177
157
205
174
162
153
161
153
158
185
163
237
155
184
162
173
159
157
150
165
142
186
163
163
190
154
186
178
180
161
166
171
164
201
161
171
166
165
183
161
163
181
158
210
165
170
151
164
156
167
449
162
150
162
160
162
151
165
143
161
168
162
160
166
170
160
157
167
163
167
151
164
160
153
161
158
165
149
160
154
154
157
157
244
180
159
164
164
255
186
167
162
162
153
154
182
165
162
166
182
165
158
164
165
239
160
167
163
165
168
158
162
162
152
156
162
164
166
175
158
159
160
149
155
161
161
174
168
161
151
177
226
155
159
151
162
156
149
154
157
151
150
162
157
151
161
174
154
168
148
193
163
160
153
161
172
148
169
155
156
157
151
157
165
155
183
166
160
157
159
151
153
149
159
164
163
152
157
152
158
151
186
145
174
156
159
181
158
154
153
157
165
147
152
157
148
159
149
159
156
162
164
145
157
148
168
155
156
178
150
169
158
162
164
155
158
177
158
159
151
169
143
159
166
165
164
163
163
163
158
160
160
186
179
162
173
163
166
160
181
163
164
181
164
162
179
161
163
176
164
164
157
151
166
158
183
174
160
165
158
164
158
154
158
163
162
150
169
165
164
160
160
176
158
166
163
170
170
176
154
215
199
155
175
164
177
167
175
161
155
180
158
161
157
169
160
159
156
170
170
174
163
166
156
165
211
157
161
174
165
168
176
155
166
154
162
161
154
172
154
162
169
163
151
158
168
166
156
179
144
209
158
155
146
159
160
163
160
190
160
164
161
155
160
162
159
161
158
160
199
166
161
157
161
168
169
166
164
158
164
165
165
156
158
163
157
159
169
178
158
164
159
206
159
175
151
161
156
162
159
205
162
161
185
160
154
150
152
167
142
218
150
171
150
164
154
148
163
166
161
153
154
184
157
157
206
162
154
200
165
154
155
151
165
154
155
165
163
155
154
152
157
151
162
156
164
167
163
161
149
164
152
165
163
177
156
159
200
162
162
187
157
155
166
166
167
157
160
164
152
183
155
177
195
174
183
157
165
152
169
161
170
217
162
166
161
164
160
159
155
163
169
161
160
163
149
168
196
166
166
167
158
163
165
172
204
170
168
163
169
165
166
167
175
158
162
163
164
177
162
158
171
164
222
157
171
166
163
159
165
160
159
155
154
167
156
164
195
157
149
161
157
158
158
163
156
170
161
161
188
173
170
153
162
162
210
153
168
156
161
173
159
157
159
165
169
153
163
160
165
164
169
168
163
169
164
160
173
161
170
163
168
157
201
164
164
155
170
164
208
159
160
155
182
149
161
