264
251
249
240
251
238
258
254
253
423
259
256
266
249
243
335
254
293
252
242
828
245
258
278
252
253
248
248
236
248
293
256
311
237
242
251
254
326
253
244
234
242
282
250
264
256
239
245
254
258
253
413
253
250
252
256
245
262
244
271
249
253
244
227
313
254
253
247
253
249
239
304
251
268
254
247
243
247
246
282
247
257
231
259
262
255
281
307
257
256
278
220
248
243
266
238
236
270
243
234
233
244
238
246
214
293
242
244
227
234
243
241
259
232
232
235
239
281
223
252
271
464
243
251
240
237
243
433
243
238
295
286
263
259
231
328
240
308
244
239
244
249
361
240
404
238
244
240
232
237
230
233
228
284
229
231
232
238
231
241
314
224
233
238
248
253
230
241
238
240
231
236
219
258
243
284
233
241
224
236
233
223
336
229
218
245
238
229
236
244
233
256
289
217
212
223
207
207
299
235
231
208
215
225
256
197
221
337
217
209
210
206
222
195
194
213
182
240
218
209
206
257
208
222
192
211
214
214
197
213
221
199
210
296
207
197
203
200
209
221
194
195
187
210
215
212
208
197
283
203
243
264
231
272
314
351
269
245
229
241
240
247
242
228
239
233
243
220
274
211
238
220
243
241
236
220
218
271
237
230
233
232
234
253
221
221
219
203
233
243
290
270
233
283
234
204
265
228
224
309
286
227
245
224
247
238
233
230
237
245
221
305
238
243
235
229
233
227
269
237
234
243
225
238
357
302
225
239
261
245
284
227
244
235
246
235
234
249
242
234
228
243
280
425
264
241
218
216
235
237
247
241
239
242
219
219
242
308
218
245
232
243
240
245
220
243
242
237
311
237
230
245
298
243
234
239
238
218
240
241
255
228
323
223
235
286
227
238
230
224
229
230
227
236
233
338
223
230
210
214
239
237
245
290
234
237
229
232
229
217
248
244
231
239
249
309
251
236
228
245
251
237
237
237
249
224
234
237
271
236
237
249
221
243
227
229
225
225
237
235
224
237
236
233
222
231
241
254
244
226
226
228
215
245
224
230
222
237
273
220
651
239
235
238
285
222
222
234
242
231
220
229
263
213
235
233
220
237
218
254
223
216
235
235
243
221
246
210
253
211
231
249
237
294
229
231
231
235
244
218
233
231
241
234
226
248
251
232
225
266
278
319
231
284
232
292
244
223
232
222
212
232
220
236
222
215
230
238
324
216
249
207
225
341
236
280
238
238
238
233
233
243
216
239
228
233
279
212
234
233
222
261
244
241
271
242
228
235
263
242
233
223
222
261
220
228
208
236
215
229
236
236
268
289
234
223
241
261
241
267
241
235
256
270
257
242
231
237
235
235
237
222
234
237
253
236
251
224
235
229
228
238
215
274
231
242
233
233
218
235
233
219
238
230
276
220
239
244
236
239
237
239
234
236
224
241
235
264
235
229
228
284
248
211
236
220
238
288
239
232
215
235
249
237
235
316
237
238
219
223
237
241
240
221
239
208
222
237
223
230
228
229
222
221
227
215
250
219
225
222
254
279
235
272
253
415
233
257
238
222
229
232
219
222
212
230
233
375
249
231
282
246
234
226
241
235
224
235
233
229
236
232
240
234
282
230
241
249
234
222
241
239
234
242
269
222
291
232
248
234
232
279
220
231
243
218
234
242
234
242
221
235
246
217
252
236
218
232
233
232
235
232
231
232
246
235
233
215
233
233
231
242
261
240
244
230
267
216
264
224
230
212
224
250
235
237
235
288
221
359
234
236
249
235
273
228
233
271
244
242
229
234
272
219
229
222
230
232
229
232
220
234
255
239
226
233
222
229
243
234
241
233
240
266
257
228
286
211
231
232
231
275
216
240
235
228
240
234
229
222
253
242
251
243
229
238
236
239
225
233
242
221
222
237
305
219
243
239
237
240
228
238
239
236
274
234
237
237
225
238
230
238
237
243
227
239
282
236
254
222
232
240
252
242
235
221
370
235
354
238
233
236
234
229
240
229
234
285
237
353
238
236
231
238
237
238
234
233
237
253
224
222
280
233
223
236
221
248
236
234
240
227
328
239
232
235
216
838
241
234
232
253
228
227
233
239
233
236
236
238
267
255
225
234
236
232
247
232
236
239
233
232
259
222
209
235
236
241
229
239
235
231
264
240
235
235
228
237
352
225
211
237
219
224
272
223
223
239
232
506
230
241
289
215
269
252
228
229
265
329
300
229
239
219
239
221
233
243
252
231
230
222
233
311
236
223
232
234
236
268
226
231
230
212
239
260
238
235
231
223
240
261
235
223
307
236
225
648
236
243
249
236
269
232
231
236
219
235
249
239
322
244
242
247
238
238
222
234
316
219
231
232
234
235
234
233
247
274
230
236
251
230
229
236
229
260
222
223
226
227
237
222
229
240
232
228
229
238
246
224
234
235
241
320
237
235
237
238
239
237
271
240
242
267
235
357
236
241
274
237
239
225
236
272
220
235
210
222
216
238
229
237
219
284
218
253
212
238
240
246
