317
352
332
340
317
333
300
314
314
335
335
313
286
333
331
320
315
464
356
373
371
392
327
314
329
314
327
409
327
330
334
309
323
324
344
346
309
301
379
305
307
386
325
391
341
331
334
340
307
333
330
335
377
304
356
333
324
339
346
333
401
338
372
344
344
330
345
389
354
336
333
322
335
318
326
295
339
347
350
319
349
365
331
338
367
347
334
396
343
343
344
331
341
346
361
329
333
297
341
343
446
336
300
322
326
327
321
328
303
414
327
393
433
707
471
424
389
451
455
400
406
369
492
399
298
331
344
375
352
402
373
363
461
320
312
366
397
360
331
402
309
313
297
322
319
318
325
311
335
319
312
297
315
315
310
303
328
321
315
304
328
297
339
595
308
316
319
290
292
353
310
343
309
301
319
302
297
306
311
304
357
283
352
297
310
331
297
318
371
315
389
309
434
359
291
315
396
308
301
287
293
295
312
308
343
254
316
334
281
626
261
276
249
288
406
262
284
279
322
249
290
285
417
261
260
455
256
254
284
255
433
278
260
250
293
284
297
527
371
232
281
270
292
267
436
245
289
283
301
287
348
292
325
278
311
332
298
305
286
317
290
340
298
293
303
310
349
323
310
313
326
324
320
315
311
302
288
343
320
307
332
351
310
336
299
310
330
288
299
311
329
314
334
313
392
302
319
378
359
306
306
315
358
295
342
292
328
307
318
284
305
384
326
317
356
293
349
308
319
360
310
542
317
328
328
293
305
380
331
312
362
362
304
316
343
312
362
316
283
318
313
304
300
315
297
296
321
311
335
307
330
331
295
292
330
321
306
298
296
300
311
295
317
320
325
314
311
328
297
312
378
307
296
296
335
296
320
333
314
315
313
316
313
392
286
330
300
319
315
319
335
288
324
316
319
330
308
313
314
312
321
325
322
317
317
309
382
317
317
310
324
299
288
340
318
314
335
312
293
329
302
378
390
320
307
311
305
309
321
312
337
349
311
303
292
317
327
327
318
332
346
333
312
330
345
328
300
315
280
316
330
318
377
313
306
298
316
345
303
336
333
314
321
383
344
308
332
317
309
309
308
422
330
306
385
290
313
424
569
312
321
340
322
381
349
302
318
422
296
331
305
325
378
316
324
319
338
344
310
320
302
327
345
297
312
322
313
300
315
327
376
333
314
365
293
319
321
307
388
296
365
307
327
310
292
314
321
315
318
292
310
315
310
300
313
313
359
316
313
297
285
345
414
326
317
323
315
376
294
337
318
373
315
320
291
315
293
313
317
315
308
333
311
305
314
305
660
310
299
331
318
318
318
329
321
319
315
305
313
330
381
291
322
387
342
312
392
544
315
389
375
311
431
314
346
319
311
313
313
327
348
396
968
331
450
304
320
318
307
314
315
395
323
330
305
314
314
347
320
313
342
314
315
346
308
351
288
312
414
303
307
335
323
294
373
422
316
315
318
326
317
385
310
317
333
313
316
387
314
313
314
390
308
312
322
316
346
388
321
303
428
284
315
378
313
310
317
321
309
307
311
324
297
304
308
291
312
312
315
308
319
334
296
400
307
332
324
317
294
336
316
311
318
293
336
306
315
316
294
317
313
311
330
328
318
360
308
307
318
313
310
307
309
311
324
330
319
309
311
300
299
569
316
316
410
340
315
316
303
338
314
322
319
359
312
300
319
311
383
334
312
316
320
289
429
301
308
376
285
288
330
313
310
357
319
313
313
293
315
317
345
294
351
313
284
316
407
291
306
291
388
310
311
289
369
337
293
330
349
315
306
321
370
320
308
322
293
315
307
293
350
396
298
316
297
322
376
290
308
306
335
334
322
322
323
320
405
316
317
314
294
310
324
673
320
320
317
319
312
310
389
313
316
312
391
314
378
320
321
312
323
371
315
439
345
326
330
376
313
314
378
322
319
374
306
318
335
315
348
315
318
383
312
354
303
315
314
332
351
315
322
326
296
298
315
283
398
321
320
362
313
320
364
317
320
409
310
313
310
314
315
336
319
327
328
365
322
343
371
316
390
309
304
353
320
301
322
303
313
316
327
394
311
312
295
331
300
335
323
309
320
314
286
1038
389
326
305
319
357
298
317
297
419
311
394
367
296
331
322
320
299
300
316
317
293
277
310
276
316
327
313
308
311
306
315
321
341
276
322
274
340
324
285
309
338
300
306
348
292
310
326
350
388
316
338
404
400
357
314
311
325
312
308
309
284
300
341
277
299
320
316
308
319
333
318
314
330
305
294
348
309
332
326
302
306
322
314
293
322
347
330
328
341
313
294
326
308
304
369
328
339
330
310
313
324
316
304
313
305
313
301
312
310
305
296
308
541
450
321
297
311
313
312
292
315
317
354
300
313
336
311
295
336
322
316
302
295
288
315
290
312
332
292
315
316
369
333
317
323
324
330
301
322
368
355
401
395
347
294
325
318
320
311
311
357
307
331
329
316
317
362
310
317
309
316
322
315
305
317
313
335
334
307
315
305
311
292
327
320
317
