482
494
476
498
466
473
546
480
479
469
470
488
445
470
463
456
525
491
452
539
467
466
517
464
459
540
490
462
436
466
456
469
524
431
521
469
466
463
490
479
541
531
441
506
467
529
427
469
561
480
457
486
565
461
841
462
470
556
438
501
405
461
471
482
450
487
507
409
514
540
473
475
474
490
458
539
450
470
483
409
450
494
535
465
508
473
465
504
483
478
644
481
456
548
578
500
474
523
460
448
492
464
441
471
458
459
445
496
1136
470
465
480
418
468
465
443
444
502
407
518
440
424
546
458
480
399
467
501
448
421
438
434
421
438
520
433
549
417
435
476
423
453
402
639
474
507
442
521
432
494
431
464
446
394
448
446
616
407
467
536
443
461
408
472
467
437
526
426
426
445
533
462
511
472
456
466
435
475
597
463
480
444
528
418
485
702
458
488
616
444
490
447
444
550
478
483
577
496
495
434
480
375
392
511
394
414
378
511
385
384
408
375
392
420
446
401
422
377
406
394
443
410
398
448
402
361
400
380
443
499
374
370
402
373
426
361
404
420
457
497
381
399
392
399
395
366
550
424
435
724
517
408
573
428
406
462
454
407
438
461
451
470
478
450
449
461
430
456
456
455
440
459
439
449
431
432
447
449
440
437
464
466
433
536
490
503
484
460
489
469
495
448
409
399
458
433
460
420
968
408
407
458
479
437
456
440
461
504
439
437
416
446
446
437
437
444
456
503
456
425
447
434
497
438
448
428
439
447
436
460
448
428
442
468
451
448
460
494
508
439
447
444
444
479
423
455
442
533
535
429
457
427
443
437
431
792
417
426
438
450
431
433
435
454
401
443
449
481
394
450
437
406
468
430
560
434
437
439
437
447
468
437
427
502
440
474
467
443
437
441
459
431
440
455
457
458
404
432
451
448
410
468
403
442
511
447
456
424
418
442
462
527
487
489
421
514
451
497
515
563
464
440
914
477
445
445
435
524
432
424
447
440
434
429
428
430
432
452
432
438
418
441
451
448
446
459
437
443
558
457
439
428
444
524
547
446
483
458
474
437
436
413
448
522
547
462
397
410
468
424
444
567
441
438
396
439
437
412
437
463
422
417
402
478
427
440
448
445
469
485
459
498
537
444
479
910
446
445
426
443
447
533
439
461
515
428
413
440
548
425
431
501
425
442
440
429
453
463
431
433
451
436
436
490
435
426
451
605
432
470
454
401
441
558
438
448
497
445
448
469
443
471
441
438
474
439
448
451
412
440
456
433
429
437
513
429
419
429
568
441
450
790
414
443
431
460
427
501
445
421
450
435
462
462
459
434
450
455
437
443
452
439
442
435
438
471
442
454
468
446
416
436
456
396
579
458
397
450
444
430
456
450
448
433
439
456
419
422
429
458
434
467
443
450
435
426
437
440
405
541
435
436
432
427
424
455
436
434
449
401
412
544
473
465
428
413
442
456
405
522
560
449
439
442
440
411
437
438
470
440
514
454
455
446
476
557
456
401
482
445
441
444
434
407
437
443
441
417
430
418
529
439
444
441
451
444
556
413
455
471
536
581
428
507
436
452
524
461
427
532
515
477
398
415
739
445
406
417
448
494
397
442
438
441
434
734
430
439
442
510
396
424
436
450
514
456
434
449
467
435
399
429
457
459
428
453
452
412
442
494
393
428
503
394
456
544
616
557
525
461
759
480
467
414
437
460
430
470
438
473
432
446
453
432
525
411
454
410
457
444
422
412
527
444
546
508
478
438
439
441
501
446
445
477
477
434
569
452
447
507
515
493
431
460
438
1297
462
489
459
420
511
453
395
711
426
427
436
429
422
414
581
435
411
443
561
412
489
494
442
436
459
432
407
443
403
461
475
428
497
401
437
428
523
445
448
452
490
434
418
486
436
441
421
506
410
444
520
402
437
442
476
437
520
447
430
415
411
436
549
459
439
432
443
466
441
435
484
447
488
561
465
426
441
431
467
438
438
434
457
418
439
525
401
438
436
439
429
438
426
420
609
445
446
437
407
452
468
618
444
438
513
434
437
535
445
460
449
538
439
436
444
545
402
482
468
478
416
535
439
449
418
401
469
439
508
450
435
442
406
422
393
704
559
554
429
438
446
445
455
483
405
441
485
438
462
464
426
448
423
453
442
499
407
707
426
456
438
441
442
452
412
466
458
440
452
458
448
464
437
434
410
481
469
433
485
450
455
472
437
445
442
437
469
541
464
441
444
440
428
493
461
477
435
526
400
448
495
434
439
451
522
461
436
440
561
447
471
513
480
453
445
531
444
443
724
446
582
433
435
435
436
440
437
437
442
417
455
440
443
434
497
436
410
494
416
477
438
440
393
459
433
504
543
534
488
434
522
434
454
609
417
445
461
427
468
450
430
485
447
403
442
496
401
438
452
458
516
475
468
436
493
428
464
445
425
504
437
461
446
437
442
466
451
440
412
478
557
453
802
509
392
480
446
447
489
513
455
442
456
442
436
456
452
435
545
432
442
500
437
506
