593
690
566
550
621
596
585
525
581
583
681
688
622
1338
597
593
607
641
584
584
577
561
567
572
598
603
567
615
592
592
628
728
579
535
607
660
606
562
611
613
602
595
595
563
575
556
613
575
626
600
589
580
562
567
625
548
567
573
547
613
624
702
1113
593
615
521
579
601
575
573
575
612
577
595
578
549
584
611
598
647
689
739
567
596
590
1000
902
615
657
602
618
592
620
585
569
620
522
605
577
602
771
581
620
565
694
568
537
577
545
618
522
591
578
552
543
577
567
604
554
556
563
597
567
553
601
602
588
577
652
616
583
560
554
629
549
623
551
575
557
642
558
566
573
608
540
575
601
538
513
557
566
638
596
589
601
559
614
594
736
549
569
582
592
592
644
502
560
578
672
610
611
520
560
592
601
599
578
581
583
550
557
745
899
595
580
581
571
657
565
597
571
530
587
516
619
583
551
539
617
686
832
611
446
525
519
539
509
527
546
524
493
451
485
574
514
505
803
1256
569
511
524
527
488
597
497
478
530
608
500
503
554
512
635
524
491
485
512
568
495
595
480
529
545
507
504
513
555
536
521
518
894
683
684
573
562
597
556
552
575
574
603
603
589
528
543
618
656
627
581
573
566
589
559
571
617
567
638
554
570
546
545
567
547
567
548
556
625
572
633
596
651
610
566
572
614
582
583
652
593
554
696
704
565
562
649
585
556
590
548
601
567
560
556
609
601
523
557
569
577
655
553
564
548
575
583
554
563
572
559
571
596
565
618
568
589
641
616
547
578
911
569
621
572
577
561
657
568
570
566
589
558
578
670
620
551
546
537
569
579
679
545
555
557
898
556
647
655
574
668
573
708
689
566
567
549
578
570
555
585
1153
512
698
577
517
557
560
561
551
548
617
571
557
551
520
576
554
549
885
567
605
563
608
657
564
553
569
592
585
502
549
545
500
597
564
554
550
529
527
541
539
557
513
594
543
551
529
563
647
552
628
566
568
561
563
557
593
561
544
567
516
579
559
509
540
568
573
589
544
544
602
567
528
572
567
570
579
671
600
589
568
628
551
635
625
567
628
588
574
548
723
637
578
731
588
536
566
542
554
552
549
576
552
563
682
551
585
552
570
530
603
615
633
498
565
555
555
612
577
550
574
642
552
577
562
563
570
623
515
557
558
604
557
570
586
571
614
564
553
548
573
554
568
581
605
579
818
572
518
554
557
582
663
567
669
574
603
602
569
593
565
582
545
566
553
604
615
646
534
548
710
539
564
561
546
568
621
550
564
585
605
569
538
594
556
554
562
604
557
559
588
576
719
560
584
586
614
563
565
648
569
622
571
611
680
553
557
567
558
569
570
615
557
577
646
677
580
574
567
605
558
576
562
625
579
605
550
597
561
535
628
567
583
566
556
800
517
560
585
537
557
571
553
590
586
577
554
677
647
556
566
543
550
602
606
560
661
590
565
564
794
610
542
567
602
517
549
604
599
608
567
544
583
628
568
566
583
537
583
526
554
539
518
530
565
643
573
499
549
546
550
545
551
648
589
555
548
654
615
549
577
593
579
520
554
624
796
562
596
600
561
565
549
559
562
526
565
553
557
625
569
535
559
570
578
601
588
557
553
594
618
554
547
538
545
557
679
579
565
608
566
571
621
593
573
647
553
591
550
564
572
502
571
629
572
572
578
562
620
543
552
556
560
569
569
560
688
555
624
600
569
618
691
562
571
556
578
576
547
555
649
1054
561
561
625
549
627
648
551
574
551
633
657
547
548
569
551
579
592
631
567
586
558
572
574
544
530
551
534
647
576
612
549
633
560
555
552
537
635
575
538
549
536
570
496
584
543
543
546
555
615
561
584
582
549
552
564
534
554
593
557
590
559
573
698
646
556
505
539
584
555
549
573
631
547
551
557
624
573
558
550
635
634
575
628
509
515
547
564
583
524
585
587
573
569
641
649
582
620
582
585
614
603
580
559
568
586
546
554
551
562
577
521
554
595
573
533
575
577
553
590
567
618
561
549
561
546
629
548
553
623
590
558
569
525
545
672
496
558
562
550
589
650
566
564
545
565
557
555
606
548
580
547
612
573
590
567
564
554
644
568
541
563
1018
541
554
618
749
561
571
558
545
1044
528
523
563
547
525
597
572
584
547
565
563
684
553
561
548
562
593
607
555
546
532
570
546
585
592
590
619
564
572
592
597
647
658
581
677
567
506
592
591
564
568
554
558
544
616
586
558
611
571
557
570
597
576
564
555
607
539
550
502
619
574
690
612
577
564
567
580
633
539
630
597
637
550
567
575
583
611
572
628
580
575
568
562
615
678
643
587
552
565
682
705
670
549
562
539
547
581
647
689
602
561
556
562
581
535
534
624
587
588
583
569
501
620
539
515
578
534
544
495
588
472
539
554
540
556
573
515
532
553
547
595
565
548
555
530
571
563
593
622
701
666
653
634
589
581
684
588
708
551
558
517
601
573
556
610
593
526
557
535
583
539
495
544
544
521
640
591
551
