754
640
711
721
701
770
702
715
645
634
689
803
680
800
772
664
686
702
653
666
727
682
702
740
642
838
678
644
620
617
677
708
819
656
700
614
698
652
699
737
789
646
625
775
737
684
714
679
648
661
662
707
757
673
860
638
646
674
600
672
745
844
715
778
680
810
863
640
662
677
712
723
712
675
648
634
654
664
730
627
655
692
660
770
996
690
656
704
665
711
635
635
683
674
820
638
733
793
830
781
691
775
696
896
728
617
690
720
728
672
613
663
695
700
698
818
725
659
681
696
771
787
683
681
627
695
804
768
785
761
863
667
653
637
712
672
627
632
676
695
634
650
617
700
646
644
677
623
662
682
700
700
715
672
723
801
678
683
677
635
710
738
666
726
615
612
634
648
629
650
673
765
744
740
698
643
697
773
684
743
780
748
666
641
658
727
638
650
693
639
631
653
644
656
677
656
847
646
732
712
632
1005
569
594
605
532
654
663
615
642
607
675
671
609
637
922
643
589
612
580
654
722
604
617
587
603
688
652
581
690
727
696
631
728
654
633
612
598
637
657
656
593
617
667
708
686
732
671
642
622
721
664
740
749
670
699
688
693
704
737
678
631
686
699
730
695
687
638
703
660
737
705
707
669
669
1162
830
709
901
662
794
708
678
653
782
674
771
670
656
695
718
739
709
710
697
689
718
684
1060
811
715
710
664
714
694
674
675
644
692
680
649
827
645
1521
678
750
684
665
753
1129
682
742
686
724
705
605
687
717
758
755
1231
677
799
759
699
641
717
753
717
684
758
750
825
690
694
690
709
701
678
704
686
705
712
781
674
734
758
728
772
743
694
693
686
670
699
782
708
710
658
716
714
709
695
715
677
670
688
1123
754
702
669
697
693
688
684
669
684
680
681
680
649
692
738
690
688
703
732
658
692
672
717
788
765
695
606
673
661
653
725
657
680
706
668
665
689
630
646
777
825
788
698
704
630
733
697
672
748
714
699
687
686
693
651
779
709
749
708
815
771
1456
703
674
690
714
787
672
719
823
750
694
675
674
697
726
790
774
681
737
746
706
691
1064
717
680
695
721
694
685
700
1103
822
701
730
794
737
779
784
749
720
704
720
727
698
764
737
1112
671
664
678
640
695
713
682
630
664
692
755
707
608
693
684
692
666
696
773
743
680
687
824
756
690
714
727
683
667
1153
702
723
685
651
726
682
671
665
681
652
666
710
1101
655
673
668
682
661
710
678
715
674
668
715
685
636
696
728
741
784
717
698
713
677
771
742
715
673
667
699
682
684
673
694
689
757
673
770
694
758
694
837
733
669
644
619
671
681
681
663
703
670
639
668
683
754
694
769
692
696
695
664
829
735
668
675
677
668
701
685
700
677
704
626
665
692
629
687
656
768
728
695
686
686
742
710
714
785
692
661
689
672
711
630
667
669
694
699
726
686
675
687
726
678
681
732
680
694
776
708
708
642
706
701
677
795
721
802
710
801
720
721
721
842
651
696
670
768
670
681
689
687
742
654
667
677
677
726
737
658
688
675
680
729
801
679
676
693
666
657
685
701
683
625
701
669
698
756
735
1140
1102
1110
972
769
1124
765
722
913
768
723
746
682
626
673
667
668
703
679
671
688
758
677
674
694
692
730
1081
697
689
721
773
687
664
695
698
713
706
684
687
699
1170
749
674
689
691
704
666
717
685
725
727
675
696
611
699
719
753
713
809
665
669
633
731
727
674
645
696
671
740
718
677
682
676
757
687
726
694
672
671
689
679
675
711
676
632
687
677
675
627
722
700
1200
1038
812
750
715
795
662
714
698
680
691
704
703
705
711
680
700
1203
680
835
670
818
726
718
692
714
758
787
772
684
775
1688
714
709
810
756
678
673
1119
692
691
671
1139
674
667
683
679
670
672
737
713
667
670
682
699
663
730
1103
692
719
626
700
1095
688
606
697
675
752
708
708
717
670
668
743
721
773
736
703
779
747
701
817
692
697
661
793
705
794
762
753
712
699
706
661
625
727
833
699
686
1268
702
754
710
667
686
621
668
714
792
708
656
698
705
707
676
692
736
698
822
906
695
717
712
676
734
666
716
658
669
686
776
696
732
676
741
763
758
686
794
679
666
786
701
863
851
774
870
819
681
722
748
655
720
666
702
658
667
1088
729
666
688
681
867
685
714
712
719
837
674
659
698
744
711
688
668
739
726
808
705
693
848
682
930
730
751
708
781
779
761
760
691
779
706
693
693
839
724
695
1183
678
753
671
651
692
747
763
682
787
703
662
695
760
708
834
684
796
703
680
720
801
672
675
698
716
663
665
708
736
696
611
720
791
868
766
777
693
1151
689
729
775
638
724
703
692
662
732
1059
701
678
730
663
650
608
676
737
706
888
719
725
696
725
690
698
731
769
714
810
816
700
662
652
672
731
702
830
684
702
706
655
686
730
686
678
664
694
728
766
742
718
808
686
717
705
709
731
735
698
670
693
722
743
738
688
686
725
685
712
696
715
672
700
708
670
723
726
681
709
753
665
697
675
858
720
