781
766
776
789
815
770
887
773
811
768
772
888
779
759
762
895
911
764
771
762
931
898
885
764
760
807
772
915
949
780
754
814
866
878
853
837
782
811
911
788
777
765
867
801
825
816
780
890
795
821
908
918
805
850
792
704
780
762
766
817
771
860
779
929
796
838
789
787
787
871
807
792
896
757
824
846
914
908
976
791
797
820
781
827
793
762
872
959
809
755
744
756
871
888
784
770
813
793
852
770
901
762
781
788
845
820
791
792
821
783
837
804
772
844
918
1001
882
969
954
882
952
878
948
811
797
1110
1011
892
847
896
824
827
818
849
799
884
871
774
824
815
796
866
837
925
930
843
786
790
779
820
900
959
944
863
893
879
798
876
1142
802
780
834
744
769
778
981
829
824
804
758
822
863
921
811
813
758
803
849
796
782
920
771
779
803
838
828
789
852
783
832
950
749
813
776
797
818
823
778
854
1121
836
782
796
796
784
812
808
834
843
811
793
785
776
829
829
793
789
835
797
987
845
922
951
1168
1225
737
887
777
837
1040
801
890
773
862
837
838
739
760
750
1046
844
919
875
771
758
830
829
811
744
828
775
2288
834
819
907
958
823
912
866
854
1014
817
847
851
986
849
857
998
843
814
839
907
905
784
1386
927
1376
971
796
835
896
968
821
853
852
812
828
837
902
855
816
883
787
878
806
923
856
844
945
798
799
893
820
871
812
832
928
923
871
836
1444
941
845
960
910
873
888
892
848
805
828
889
863
897
799
801
845
881
981
1017
1015
906
818
796
807
774
901
885
837
830
855
867
857
868
848
816
848
912
791
823
840
835
918
882
901
842
836
840
829
843
1019
864
835
838
842
857
970
919
1016
861
1127
885
863
941
824
832
861
849
834
871
834
846
835
893
887
827
772
838
888
866
808
823
767
835
805
842
826
904
838
917
837
813
890
847
793
854
818
805
841
869
886
848
821
843
820
824
791
848
905
852
871
964
808
774
815
839
929
819
899
779
812
859
935
939
900
921
931
834
845
802
773
828
1193
818
848
880
825
862
844
843
825
924
878
927
758
1027
826
826
858
797
822
856
882
932
866
895
828
875
825
872
781
820
839
861
832
828
868
884
830
942
786
866
830
870
983
876
842
852
933
879
841
788
772
836
851
827
814
902
824
924
799
825
844
835
864
819
852
827
823
853
852
852
831
837
834
817
807
843
789
809
889
831
870
791
855
804
924
857
827
839
892
829
831
815
818
837
793
834
909
770
937
1042
780
835
974
935
899
799
808
738
890
949
845
810
904
952
1389
926
805
808
899
1087
1046
861
885
833
906
846
874
812
849
849
833
796
859
877
792
877
793
850
838
835
850
848
921
852
846
863
985
860
884
922
890
835
981
821
866
804
793
824
819
985
972
1396
1006
971
866
891
885
976
874
846
865
964
957
878
863
853
881
797
979
784
774
892
972
858
838
838
858
1050
972
804
849
856
960
854
819
857
968
812
811
863
961
825
1362
905
977
788
870
833
1248
821
834
897
835
926
935
921
782
797
844
1378
869
1024
1019
966
1132
828
752
872
881
854
857
830
875
958
1371
880
822
832
839
901
947
1181
938
948
858
924
969
840
892
829
904
908
849
793
933
854
763
838
817
879
908
911
929
926
967
814
798
851
957
924
828
781
834
883
874
855
748
877
857
809
825
857
852
884
922
840
742
786
827
850
757
919
927
806
844
854
824
821
839
968
873
924
934
814
841
842
816
802
757
842
779
833
850
863
850
861
823
853
758
770
910
867
840
858
807
855
853
832
838
881
870
833
879
787
904
836
873
828
855
877
900
946
930
841
904
831
860
842
856
888
818
767
875
813
1701
901
918
824
831
896
829
853
836
877
828
864
871
918
841
839
848
949
857
836
883
820
931
841
911
857
891
852
860
1403
843
866
840
1361
831
881
877
848
846
854
841
826
830
881
811
826
931
916
890
802
851
797
849
854
850
826
811
872
841
848
811
837
840
835
813
756
810
830
821
828
860
807
801
837
819
1029
875
1020
819
938
841
828
810
765
875
945
944
827
952
947
933
849
985
942
868
1351
813
903
1069
938
847
840
788
800
805
914
814
882
720
825
796
825
860
818
932
853
767
834
853
867
882
877
755
869
849
840
831
844
830
908
991
950
823
843
847
824
836
843
895
869
1583
790
931
894
869
840
847
835
824
862
981
858
838
923
756
824
827
829
914
819
982
919
864
871
816
798
805
857
836
830
824
825
826
882
816
854
791
814
901
830
890
871
821
875
821
803
852
850
902
875
811
948
928
839
841
861
811
876
863
831
919
810
831
860
817
835
830
1020
856
840
865
834
846
839
1103
935
827
831
867
1104
885
860
870
883
924
844
751
1372
984
1351
822
868
839
896
902
924
974
829
844
825
967
869
881
890
838
829
864
1753
850
823
998
915
872
886
935
970
885
941
859
989
1098
1492
872
827
1316
857
850
985
887
827
1303
885
823
812
867
808
852
947
890
838
876
1051
935
823
842
869
855
914
877
827
822
858
868
865
894
835
829
843
780
836
829
843
833
886
