59
56
50
52
57
53
53
44
46
55
47
46
48
49
47
45
47
48
45
44
49
52
71
46
53
47
43
52
46
47
49
47
46
43
41
46
53
50
70
50
52
49
50
51
46
48
47
64
50
53
52
53
50
48
50
47
50
51
53
55
51
47
53
59
48
63
52
46
50
45
50
47
51
45
48
48
48
46
48
50
84
53
81
57
54
55
57
50
56
47
52
47
48
47
50
51
47
46
47
49
57
53
64
53
54
80
51
67
58
53
55
57
49
52
56
74
47
49
166
43
47
152
47
44
44
73
50
45
43
46
45
44
44
41
48
39
40
47
48
47
49
45
42
45
42
47
40
46
46
49
46
45
45
50
43
42
51
83
43
45
43
50
44
41
49
46
45
42
43
43
42
47
42
46
43
47
42
43
42
45
43
45
45
57
45
45
44
43
41
44
45
42
43
46
43
44
43
44
52
46
52
41
37
471
54
39
37
36
48
37
42
37
39
39
36
40
40
57
39
39
37
37
35
58
45
43
43
38
38
44
40
40
42
44
39
40
40
43
42
42
43
41
41
43
57
42
64
42
44
42
48
48
49
51
45
46
44
43
46
44
46
47
55
53
46
57
49
45
46
45
42
45
46
44
45
81
48
46
44
45
49
45
41
45
185
45
47
44
45
43
45
47
48
45
45
44
45
46
45
48
65
47
48
47
44
46
41
46
46
44
42
42
44
66
42
42
49
42
47
42
45
47
44
45
45
42
42
41
41
51
45
42
40
44
43
41
41
43
42
41
39
46
44
44
61
44
48
44
45
46
49
47
62
50
43
47
50
42
46
50
44
44
42
43
55
43
44
51
45
48
45
43
44
43
42
45
44
46
55
48
44
44
44
42
46
46
45
45
44
43
47
46
46
48
48
46
44
48
45
42
50
51
58
43
46
46
42
49
56
43
45
44
45
42
46
43
50
44
69
43
43
44
44
49
52
49
46
48
45
47
46
47
45
46
47
46
47
47
47
45
46
43
46
43
43
43
49
49
84
49
50
45
45
50
50
49
47
47
51
49
48
49
47
47
44
44
45
40
45
44
45
46
48
44
46
46
44
45
56
45
46
48
46
48
46
45
46
47
47
46
64
47
45
46
58
47
45
47
52
45
47
47
48
47
48
43
72
45
45
46
48
45
47
46
42
45
47
44
42
47
44
46
44
45
44
44
47
46
48
46
43
46
47
60
51
48
46
53
53
47
46
51
49
47
45
46
42
45
45
53
47
48
55
47
46
46
47
43
48
54
49
45
46
46
59
46
47
45
61
45
45
45
47
43
44
44
45
41
46
44
46
46
45
47
54
50
47
44
44
46
47
45
49
46
47
117
47
44
49
47
43
50
46
43
46
45
43
52
43
46
44
45
43
45
47
43
44
44
45
40
45
45
44
44
42
45
43
41
42
60
41
42
44
41
43
43
42
45
43
45
45
45
43
41
43
47
45
42
43
44
47
46
44
49
43
46
43
47
45
48
43
45
42
42
45
45
63
42
46
43
45
45
42
45
44
45
41
44
44
40
49
44
45
58
43
44
42
45
46
42
43
42
47
42
45
43
45
45
43
44
41
43
45
45
46
43
42
44
45
44
40
40
43
42
46
42
43
45
45
43
46
42
43
42
46
42
44
46
45
44
43
45
43
46
41
43
42
44
45
44
45
46
47
48
41
46
45
83
46
47
42
44
43
46
45
47
53
45
45
44
49
50
46
49
47
47
50
44
49
45
44
43
44
43
56
43
45
45
45
43
47
46
45
41
44
50
44
45
42
47
44
44
43
42
42
45
55
45
41
43
46
47
47
47
43
49
46
46
43
43
42
43
44
47
44
45
44
45
42
46
44
42
46
45
42
57
42
45
44
44
42
41
50
45
48
47
48
46
47
61
49
47
49
50
42
45
43
43
44
47
44
48
48
42
43
46
42
44
41
62
44
45
40
45
43
45
44
43
42
44
46
43
51
44
41
44
45
42
42
45
45
41
44
45
45
59
44
43
44
45
46
44
42
46
58
43
43
59
43
45
46
54
42
53
54
52
55
46
44
43
43
42
45
49
68
47
45
47
45
44
45
58
46
46
47
47
44
44
47
47
46
46
46
46
50
45
47
47
46
45
47
46
47
43
45
60
45
44
61
45
44
60
46
43
41
51
43
45
42
47
43
51
44
44
42
65
45
48
46
49
47
45
49
47
46
47
47
55
45
44
45
47
45
45
40
43
48
45
40
51
45
41
51
45
42
47
45
45
44
43
48
51
45
65
46
47
42
45
51
49
48
56
43
42
43
60
45
46
43
45
46
44
43
42
42
46
44
46
44
51
44
47
43
46
44
55
56
52
42
49
43
45
53
56
42
46
47
44
54
43
50
47
45
49
47
44
44
47
48
47
46
46
46
47
43
46
48
45
47
47
47
45
45
45
46
45
42
81
48
43
48
45
43
45
48
52
47
52
49
46
51
45
49
46
46
44
46
45
43
58
