922
993
912
978
946
1075
965
897
944
948
936
904
890
884
1021
868
975
1045
856
1042
1002
1225
1029
967
876
1065
874
935
1001
891
873
958
877
960
884
885
904
1021
1044
911
874
905
924
1025
962
883
905
1016
946
866
868
880
915
989
886
870
915
885
877
962
877
935
1051
1128
901
914
1013
1043
896
894
1249
1002
1174
1024
935
1092
926
940
1067
955
934
892
1010
956
874
885
890
892
861
901
841
874
891
969
1041
907
925
978
975
875
1124
927
960
999
933
1027
1069
922
919
1041
971
922
876
911
907
891
980
920
957
925
863
8706
973
922
944
879
938
945
963
1056
964
1093
969
988
1142
1019
1077
911
1661
987
959
975
1013
975
905
925
867
947
927
977
959
900
917
915
893
900
913
938
878
874
880
1078
896
863
1998
935
1860
1273
932
1053
869
895
920
904
851
944
1029
883
882
843
864
966
891
957
855
871
1016
989
859
850
976
881
917
1013
892
951
879
913
943
943
913
1340
1084
1021
995
969
989
1019
970
1320
1057
868
1064
1595
952
959
1017
928
1025
990
959
1024
1367
922
946
823
803
836
1002
882
889
818
858
838
968
870
905
949
912
869
1037
990
1038
1495
1053
930
833
857
893
848
1114
1172
1139
2089
1027
996
1236
978
996
999
1055
1111
1256
1170
1100
984
1099
1257
1050
1094
1290
1072
982
1023
1050
963
1157
1158
1019
1022
1246
1104
1033
1211
1653
988
1032
1228
1245
1049
1436
1058
1047
1031
1023
953
1070
956
928
938
1051
999
902
1032
988
992
975
946
1079
1011
986
978
1043
991
963
1089
1085
968
1016
966
1065
1032
1052
995
1034
998
929
1053
1080
1029
959
962
979
1062
1224
974
974
1015
1052
1016
959
1002
1070
1016
958
1026
942
973
944
941
935
930
965
1020
968
949
932
947
977
910
977
984
953
1082
973
1011
1009
948
967
974
1035
937
1174
1140
1844
1039
1287
935
1007
1020
1007
1016
941
963
1018
1579
988
1013
953
912
925
952
951
965
962
929
955
1028
929
965
1043
1039
1077
1083
1015
1033
960
977
1152
1013
1650
1087
944
1046
1059
934
984
1018
1023
885
998
973
976
978
1047
957
963
971
1008
969
942
967
966
946
985
986
963
1116
1996
1038
979
969
1103
979
1019
970
988
971
913
971
983
978
957
1038
992
1032
918
942
1357
1068
956
879
946
939
934
1658
1025
1032
1041
1043
936
963
944
1388
1353
961
952
1002
955
985
931
1065
922
932
977
940
1013
962
980
956
1088
921
1061
947
992
1035
1079
1129
963
1068
963
997
937
982
984
1012
931
1027
975
905
970
988
1050
953
1009
999
968
940
959
965
1021
947
932
959
962
1006
1007
1037
1069
1078
986
1041
1013
1022
915
1744
921
1032
1435
1027
1018
984
1037
1063
1078
1075
1054
1006
1055
1014
997
1078
971
986
999
976
966
938
959
1024
1120
981
953
964
1013
946
983
875
1047
870
896
991
1021
946
958
936
1057
993
1014
1643
1136
979
958
971
939
889
1065
1133
1136
952
975
1005
956
983
977
991
960
965
933
936
1057
937
962
861
933
808
922
872
905
885
988
978
1003
944
1038
1212
1076
1001
987
1032
998
1264
1084
1002
954
954
964
873
930
954
966
965
1052
995
948
1571
943
949
994
952
970
866
988
999
1006
931
982
937
924
939
1108
1382
961
972
1031
932
967
965
980
1033
959
1090
1050
1193
1210
1034
888
1042
1026
1178
953
976
1096
945
1095
1083
921
998
949
989
944
960
993
995
1028
1025
933
1033
1093
1023
990
1050
870
1010
942
1081
966
944
969
1043
1110
1042
1019
933
1164
901
967
1027
1096
961
1108
967
925
977
1049
963
1090
1055
946
956
1098
995
944
1016
909
960
936
898
1143
951
997
1023
1136
911
982
964
1638
1095
975
993
1077
945
984
970
1060
928
1131
1204
1032
1007
1046
998
1081
1137
1016
999
988
979
998
1097
1003
1001
1014
988
1014
1028
1031
974
917
966
974
939
1021
958
947
1166
1113
1061
1133
1084
961
997
998
858
923
976
1034
994
1042
901
900
980
888
1101
971
956
925
1128
919
953
1332
1028
1075
985
971
991
1000
996
1005
1126
999
1582
971
944
993
978
949
976
1077
1021
955
922
941
1059
985
985
979
959
959
980
1064
1034
992
928
977
948
969
952
955
998
959
1004
969
1009
944
955
1389
932
1012
950
959
975
920
942
996
970
963
958
951
951
908
1008
924
1005
953
971
960
927
994
951
979
993
1013
1046
958
1010
1053
1038
1115
1065
1009
968
1119
966
969
968
975
931
1049
940
971
990
982
1032
1018
1030
943
937
966
956
875
998
960
945
1069
1080
978
985
1152
964
890
972
995
972
958
917
978
941
962
1006
977
1320
947
1096
1053
1082
1034
950
943
1052
947
973
1056
952
923
956
984
1024
1007
1564
965
972
967
950
1113
955
973
961
1012
961
900
1100
1089
1000
988
1058
1115
1068
964
1001
975
940
882
903
978
961
967
874
879
1616
1021
969
1033
934
1081
1033
1015
941
922
941
910
1054
971
927
1040
979
941
955
907
935
965
1003
937
1108
1044
1200
1104
1075
1100
1008
1128
978
1068
1029
1030
986
975
977
958
941
1051
1123
1001
1030
1004
962
888
930
963
945
945
1080
958
962
918
961
970
1006
1137
1096
1012
938
867
997
1674
1003
1975
1026
1040
1092
1029
1076
857
1072
1093
1080
1094
1043
921
964
968
934
916
1029
940
957
947
964
968
976
925
925
939
979
1301
966
1064
1009
982
955
898
979
989
999
1065
1103
1072
975
1140
1117
940
1005
967
1044
1113
1109
1065
1035
1082
1012
979
1054
1143
990
1019
1037
1000
1030
997
1189
