113
113
119
121
149
109
125
118
111
111
110
113
112
113
109
133
120
107
169
110
116
113
119
115
112
114
112
107
120
113
111
125
147
108
110
115
115
109
114
122
114
115
112
109
123
113
114
117
113
111
127
117
119
115
113
112
152
112
116
180
159
114
118
130
118
118
118
130
118
121
116
118
119
116
115
112
118
122
112
161
115
122
116
113
115
107
114
116
105
105
116
116
107
122
121
126
116
147
118
121
102
107
107
134
107
108
104
106
100
103
110
100
99
108
101
101
131
102
108
118
112
110
119
134
99
122
137
126
112
105
103
111
123
167
108
139
109
108
107
110
109
108
113
105
123
121
124
108
121
107
116
106
113
111
109
99
103
109
108
103
105
100
117
106
111
105
102
133
100
105
103
104
103
149
125
107
105
130
107
114
103
110
102
106
99
110
107
97
107
99
103
108
106
111
107
105
104
99
111
113
97
103
97
104
95
131
114
107
102
97
117
101
97
98
104
101
99
103
95
99
96
96
99
99
97
93
100
97
162
109
92
95
104
94
93
92
92
86
95
92
87
104
109
94
96
120
90
93
95
103
115
107
110
219
175
100
102
101
95
105
101
133
104
167
103
101
99
101
98
101
105
138
98
98
101
96
95
101
98
96
89
92
92
104
110
111
112
100
109
98
98
104
112
122
99
101
98
102
97
97
115
112
116
113
110
109
110
105
106
102
102
107
104
105
112
124
104
111
111
102
104
105
100
108
108
105
104
105
121
106
103
104
102
110
108
121
114
214
114
107
111
109
112
110
114
103
109
108
111
138
106
110
115
106
113
115
106
129
104
113
102
104
99
104
104
109
108
103
102
150
104
106
97
101
108
100
110
105
100
102
98
107
108
101
105
107
106
106
101
101
119
102
101
103
120
103
107
108
109
107
110
109
110
104
132
143
120
109
123
106
104
106
107
113
105
106
104
124
106
109
105
118
110
156
110
105
108
109
140
108
112
105
100
108
101
106
106
139
104
106
100
106
101
111
104
114
106
100
124
129
116
109
109
99
140
105
107
111
106
111
108
109
111
155
126
109
149
107
112
108
110
109
110
106
106
106
209
103
102
110
109
153
102
111
111
114
110
111
110
108
109
111
112
105
145
113
109
114
109
105
109
109
108
108
104
186
104
188
101
137
101
107
102
156
101
105
106
106
105
102
108
104
183
105
104
104
103
117
106
102
99
110
106
109
109
105
104
103
102
104
105
101
108
109
109
112
107
103
108
112
112
110
112
111
98
111
104
100
154
108
96
102
109
104
114
105
104
131
104
112
105
108
111
108
104
107
106
111
183
105
108
109
109
104
108
140
111
104
103
108
105
104
109
109
108
104
108
109
114
107
109
107
107
106
108
108
105
106
109
107
108
105
142
101
101
107
105
100
108
100
136
108
111
101
107
107
106
100
128
111
98
106
108
114
108
105
104
109
109
113
106
110
105
117
108
112
105
109
104
108
113
117
140
112
105
105
111
108
115
108
106
108
138
105
130
111
147
103
131
104
98
104
102
110
112
101
138
111
193
109
124
108
110
109
105
106
104
109
107
108
105
105
105
98
157
106
124
105
103
105
106
106
102
100
104
135
103
111
107
107
111
118
103
108
110
102
106
108
108
106
107
106
104
100
106
104
145
108
108
103
110
106
149
108
110
106
108
105
165
105
103
105
106
105
109
102
103
106
102
101
105
105
104
101
113
103
130
108
136
106
113
103
99
112
104
103
106
109
107
104
150
107
105
105
104
101
107
110
108
101
101
101
104
104
109
104
112
109
102
111
106
108
111
109
112
106
110
107
111
106
108
108
115
111
113
124
156
109
108
112
110
108
109
108
110
116
106
107
111
102
106
111
114
108
107
98
104
108
112
105
110
103
107
108
101
104
101
108
102
122
114
108
100
121
105
111
108
104
102
105
108
104
123
104
104
106
102
102
106
107
100
106
101
107
105
104
110
104
104
104
104
100
99
122
111
103
171
106
103
123
99
108
105
106
108
102
129
103
99
108
105
107
105
101
236
95
108
107
96
104
105
96
101
108
100
103
106
108
100
103
120
104
106
101
105
109
103
105
127
102
105
102
106
102
100
104
113
106
103
103
106
124
101
102
242
108
106
103
133
104
108
120
118
110
112
105
171
148
103
108
108
108
104
105
116
105
136
117
107
103
105
105
123
103
103
109
106
132
103
150
108
111
105
98
116
96
117
99
113
101
112
104
95
106
101
100
112
104
101
144
118
133
106
101
99
106
104
103
103
101
108
159
115
109
171
111
113
128
109
118
106
144
101
108
114
108
104
106
104
109
108
103
107
107
120
110
101
107
107
110
107
105
108
117
113
109
106
103
116
110
107
119
110
115
177
103
110
104
121
105
103
111
106
108
111
103
110
105
111
106
109
106
143
106
109
102
104
108
107
112
107
107
112
124
118
107
110
110
112
111
104
122
106
106
107
107
107
109
105
105
103
105
106
111
158
109
99
108
109
108
