192
199
175
191
194
187
191
187
202
194
217
193
291
186
184
193
179
190
183
181
184
176
179
193
298
194
178
193
199
191
178
185
186
178
179
195
195
189
189
178
208
189
193
196
230
184
227
196
199
190
171
184
198
193
195
191
187
190
189
244
178
182
194
229
179
179
171
168
199
169
177
192
195
176
198
179
199
188
181
186
198
197
179
193
195
245
178
191
190
182
194
204
202
186
205
189
180
180
187
193
179
177
182
179
176
158
184
168
166
254
177
177
191
194
205
172
171
171
177
180
186
176
176
183
193
174
169
172
170
161
253
172
175
156
161
149
165
155
191
161
174
162
196
165
154
200
158
170
159
169
183
193
185
181
209
179
175
172
190
181
176
177
182
188
171
184
179
176
172
180
220
171
185
172
180
171
171
172
170
168
176
217
169
176
169
177
166
172
169
180
183
175
184
183
181
182
186
173
176
178
221
243
166
146
153
148
149
160
157
158
150
165
152
208
150
155
172
226
179
150
163
182
199
161
180
162
177
163
164
171
165
163
153
173
160
168
168
158
162
159
157
266
148
143
150
154
145
144
228
152
164
171
169
162
162
160
171
253
156
195
167
167
160
163
245
159
161
152
160
162
163
172
155
171
205
157
161
173
155
181
198
163
189
162
159
174
163
162
178
174
164
170
193
163
186
174
171
173
174
162
176
294
183
199
173
220
182
243
166
180
178
177
169
189
172
209
172
187
172
181
176
186
179
169
173
169
279
172
179
172
174
175
179
178
164
185
207
168
178
215
169
218
176
183
173
175
173
187
204
169
200
177
183
203
172
179
176
219
191
173
175
178
176
689
173
172
173
185
172
173
169
166
175
178
181
167
242
179
169
177
178
197
187
173
178
179
178
169
168
205
166
176
175
176
178
181
174
168
180
168
186
177
187
175
199
188
196
170
189
177
214
192
180
178
176
171
188
181
176
184
172
185
176
169
178
171
255
177
201
204
180
185
170
184
171
249
194
190
175
175
194
174
173
168
178
179
175
183
173
232
174
180
168
176
171
170
176
180
170
170
174
181
174
171
178
358
178
179
180
175
184
181
194
180
181
172
183
186
180
181
181
177
202
178
169
180
175
182
180
185
208
178
239
169
165
182
165
236
169
187
176
174
176
185
171
188
165
172
173
187
160
193
170
193
177
182
178
209
173
174
186
183
180
175
170
165
227
165
176
174
179
175
177
169
179
176
172
165
187
173
247
179
182
179
169
184
178
175
173
173
173
182
186
246
174
193
172
177
170
170
177
175
226
176
177
182
175
214
181
192
182
196
178
170
165
249
178
191
183
189
173
213
176
176
170
176
171
173
163
175
195
173
184
180
171
176
199
167
217
177
176
163
167
168
185
180
185
181
175
179
177
179
196
175
174
184
184
175
170
198
172
179
171
173
245
164
232
176
176
174
170
194
175
167
178
167
189
169
182
178
178
188
165
174
175
201
183
182
178
211
177
177
189
188
180
174
187
174
177
171
179
179
187
183
188
178
182
178
187
211
174
181
165
186
178
179
172
182
169
216
181
177
190
179
168
193
181
186
182
180
186
174
163
180
225
179
179
170
189
171
172
180
181
200
165
215
176
178
177
178
176
194
171
176
181
173
189
175
178
169
193
196
170
178
172
171
178
214
180
181
178
184
170
172
176
169
175
181
168
177
188
181
172
173
181
168
170
179
180
169
175
208
172
177
177
175
171
171
179
177
171
171
178
186
176
178
180
181
177
210
171
181
165
232
189
248
175
187
176
221
167
184
179
210
170
173
173
170
181
170
180
196
188
170
171
179
175
179
176
171
249
166
180
194
168
183
186
173
165
192
186
193
165
176
174
178
192
179
174
179
175
217
173
176
208
188
182
167
170
174
173
166
174
179
166
162
185
175
172
180
169
181
175
174
178
188
177
209
195
201
186
191
186
175
175
165
185
191
176
221
180
197
184
180
197
179
193
218
178
172
175
204
186
173
169
182
179
187
176
167
165
180
176
170
165
164
178
242
165
179
177
183
173
179
178
223
186
178
194
177
181
174
169
177
170
181
181
179
224
181
181
190
165
169
177
200
184
170
184
168
190
180
187
170
226
173
167
176
174
172
169
187
175
163
182
182
180
176
181
179
175
175
182
184
176
185
178
183
189
180
194
181
238
176
174
182
183
242
177
178
178
174
172
239
176
179
177
178
183
173
184
171
179
183
187
185
177
180
178
178
181
174
175
176
184
180
175
185
174
165
167
172
167
196
173
176
177
168
174
173
178
226
176
191
174
194
178
181
168
183
556
186
179
182
176
181
176
184
175
175
173
169
199
183
168
183
179
181
177
168
172
186
182
177
180
175
181
174
180
173
173
173
213
175
181
207
228
196
212
181
174
182
174
168
190
179
183
197
197
180
174
179
187
174
190
167
180
173
178
170
170
219
169
252
191
178
181
182
178
185
196
173
182
183
216
204
285
184
189
179
214
213
182
181
178
181
204
219
178
182
