271
273
292
322
276
305
310
275
279
276
259
318
248
264
257
310
271
281
258
267
277
276
312
274
294
245
388
269
273
276
261
272
295
272
268
282
321
269
271
358
297
415
283
272
315
276
274
276
291
287
261
277
275
255
262
274
279
280
278
280
338
264
267
271
264
302
332
282
268
275
277
347
278
285
774
256
270
270
273
287
299
271
412
271
308
279
279
287
263
323
274
266
264
278
273
279
317
278
295
254
231
244
240
252
231
204
209
237
225
257
220
245
217
288
237
223
235
242
236
229
225
692
219
378
214
238
228
257
230
235
227
240
249
241
281
240
235
231
234
245
221
296
237
252
231
228
211
296
244
232
246
257
246
257
250
249
282
266
251
263
246
310
246
256
249
244
234
264
244
243
230
272
256
334
257
262
258
240
297
260
236
240
263
272
239
259
244
258
292
235
256
268
252
242
264
391
259
271
245
273
256
263
284
262
215
236
238
236
233
238
212
220
248
232
264
246
254
250
253
243
247
243
251
238
225
237
267
329
232
234
230
220
256
214
231
215
238
234
258
236
230
223
215
260
219
244
255
291
213
242
243
255
247
245
965
241
240
240
236
225
242
239
441
267
219
235
228
227
239
256
255
228
232
228
246
272
265
276
254
261
231
237
223
252
249
237
235
241
257
245
235
226
252
236
253
251
249
242
283
273
379
257
261
261
255
260
286
252
290
267
257
280
244
259
268
264
269
260
248
297
245
258
268
252
310
255
261
266
254
320
245
257
287
252
263
243
256
348
259
258
323
258
256
262
256
304
243
341
283
274
383
253
366
262
332
260
266
302
230
261
270
257
285
236
260
256
254
303
256
259
240
320
326
254
274
266
249
251
302
257
240
267
257
257
261
260
250
265
253
244
256
245
236
260
252
254
243
255
257
242
262
261
273
268
245
305
245
257
273
262
239
255
311
250
253
252
278
293
242
233
304
249
254
249
254
300
258
272
253
246
287
257
256
242
259
361
275
247
253
246
247
251
266
250
251
240
235
245
255
256
263
250
243
246
253
242
257
291
254
264
253
271
320
258
259
290
262
352
339
257
264
258
243
315
231
236
253
283
263
252
253
231
232
262
304
360
239
255
273
241
340
258
243
263
249
253
370
243
248
236
267
256
275
266
257
260
256
252
275
252
244
230
274
257
247
250
232
247
222
281
256
276
263
255
262
264
278
235
267
259
256
264
258
256
272
262
347
269
265
261
295
273
266
282
276
247
249
263
262
255
258
265
271
260
275
259
248
256
268
262
258
258
363
259
261
270
341
281
257
261
258
287
273
276
259
265
262
262
261
236
262
259
268
301
270
247
258
268
258
315
349
244
285
272
308
248
382
255
265
271
248
255
362
253
261
267
322
264
261
298
255
258
248
247
248
344
412
254
251
253
264
255
256
282
238
252
255
262
251
253
265
257
234
253
239
293
388
259
352
248
264
276
242
269
258
257
328
261
319
261
284
267
271
261
293
246
260
261
259
255
266
259
255
263
254
254
267
260
343
241
258
275
257
253
260
257
255
325
254
259
257
243
325
246
261
258
263
247
239
246
263
248
263
233
267
261
255
268
262
258
293
257
252
242
234
353
278
266
255
250
237
265
324
257
314
254
260
256
258
290
258
259
243
253
246
258
299
249
258
265
232
258
245
269
257
395
257
257
268
288
258
296
254
259
262
265
239
286
335
240
255
262
281
265
277
259
274
237
280
258
268
240
261
259
258
257
278
261
264
275
259
296
256
262
257
259
329
253
250
273
307
346
259
256
261
257
259
415
242
320
386
298
251
245
263
265
265
261
244
245
251
263
262
251
361
344
253
244
252
256
244
253
264
250
248
256
248
241
243
248
288
263
240
317
265
253
249
253
287
331
244
279
270
261
276
247
253
252
245
248
238
251
274
261
261
275
260
258
321
243
258
260
267
250
293
257
260
250
251
252
263
267
271
246
262
264
259
263
264
259
298
243
243
236
254
330
268
260
253
258
268
253
256
254
306
249
238
280
261
243
251
242
270
283
278
261
254
257
245
260
261
255
284
235
235
264
253
293
257
255
268
240
254
258
258
290
236
267
262
242
278
257
274
356
257
259
265
278
260
273
262
263
259
243
251
258
259
300
259
268
255
256
309
243
236
251
322
264
254
312
265
277
260
265
255
248
252
242
258
255
292
260
241
258
260
256
263
262
255
269
257
242
289
257
273
273
259
260
244
370
299
253
272
260
249
237
257
253
262
253
239
259
262
259
257
246
241
255
249
263
264
265
273
263
235
284
228
269
265
258
326
251
238
257
267
265
243
274
280
339
252
246
357
258
238
281
260
229
249
338
270
277
258
293
260
303
248
249
242
242
304
303
230
253
267
253
252
244
290
263
258
250
310
255
261
277
304
281
272
255
230
251
250
243
233
260
269
260
265
258
266
260
234
251
244
248
255
254
240
274
253
256
238
250
239
304
263
256
244
261
292
251
243
252
261
240
314
257
264
262
