360
389
375
388
355
428
370
366
389
361
374
354
350
425
362
403
384
363
369
383
360
370
467
347
363
378
370
372
397
383
365
382
379
578
376
355
368
386
461
319
382
370
399
380
376
351
403
378
373
371
389
385
355
369
384
362
439
376
371
358
417
364
386
565
368
387
811
372
387
388
376
370
387
367
806
375
370
381
348
373
363
372
461
373
357
389
372
387
381
382
370
473
401
396
358
401
604
370
384
364
400
300
310
441
380
301
376
352
306
307
295
383
346
336
313
310
309
314
324
294
308
387
317
380
304
368
332
337
297
326
283
314
308
333
302
304
326
312
299
388
272
312
310
385
321
316
321
296
299
301
335
350
389
400
347
392
349
407
420
362
345
361
347
347
336
356
388
366
349
351
367
350
329
386
344
545
380
364
366
353
388
344
351
341
350
367
376
336
368
352
323
391
335
356
357
335
371
347
337
344
334
335
380
330
339
338
393
354
382
311
331
404
358
288
392
301
325
388
317
275
317
397
306
307
304
324
323
322
289
329
319
328
343
295
334
332
320
371
380
322
311
387
324
383
310
335
319
296
334
312
335
355
396
357
363
340
309
336
316
297
310
309
318
328
286
310
315
394
323
301
329
340
343
316
316
298
301
300
361
450
324
316
331
314
447
322
330
346
394
301
350
430
322
311
311
323
458
341
311
315
372
373
350
383
337
351
334
349
378
322
317
324
337
361
434
351
338
335
309
354
349
356
379
336
348
361
313
362
357
400
323
349
348
318
486
479
336
314
1137
381
370
346
351
347
356
387
370
350
428
359
345
366
344
352
341
353
408
391
345
412
368
345
350
338
333
348
348
350
352
352
389
347
340
354
346
344
342
359
342
350
344
338
344
317
366
366
355
350
392
351
326
353
345
347
361
348
389
369
360
348
353
347
352
345
336
326
342
352
321
353
333
350
353
352
354
347
365
348
348
726
334
346
351
345
345
352
349
351
319
344
342
350
390
345
379
349
345
412
355
347
340
332
366
445
333
342
307
344
374
356
362
345
350
351
436
357
342
353
344
315
345
338
359
366
349
341
363
353
317
358
373
340
402
309
350
353
344
336
322
359
331
333
346
343
332
345
340
317
355
415
364
353
351
424
349
347
342
384
350
360
347
350
347
347
402
346
346
399
345
483
350
339
340
420
499
328
348
352
345
353
333
359
377
357
345
361
375
374
336
413
355
387
327
310
309
333
346
342
323
344
346
344
355
320
347
346
403
370
354
357
351
354
350
384
359
343
342
419
342
350
351
342
437
337
341
420
347
354
317
366
349
359
341
339
404
347
352
382
339
350
352
364
343
347
424
352
326
367
393
335
334
323
338
329
360
343
344
340
347
343
362
357
327
346
364
346
359
382
316
343
350
324
327
350
422
352
355
351
451
390
350
357
348
483
352
334
353
372
349
384
351
374
350
347
316
373
354
365
388
365
343
336
351
344
337
349
357
319
343
356
389
337
346
335
326
338
352
330
345
359
327
353
345
339
430
345
352
408
346
361
344
330
447
351
332
340
378
342
351
400
346
343
337
320
357
328
343
369
342
347
324
333
334
431
342
355
357
347
350
427
335
323
359
343
328
387
355
354
358
339
341
343
319
356
313
359
370
339
342
366
335
363
349
356
394
331
450
377
345
352
381
362
331
344
338
337
317
341
364
345
340
350
332
350
348
397
330
335
342
342
334
357
330
338
344
363
334
332
353
363
331
360
340
353
335
345
358
348
335
351
350
328
349
361
326
334
357
415
329
478
366
341
334
406
323
346
378
332
406
345
316
347
337
353
350
383
345
325
426
313
395
464
349
423
341
358
339
351
369
375
344
346
329
340
397
388
352
359
344
330
344
331
326
337
363
330
343
350
339
360
383
320
315
361
444
377
345
325
353
347
453
351
368
410
376
418
387
339
347
418
442
389
381
365
405
422
415
374
355
352
357
394
342
347
338
335
356
326
347
349
378
398
341
382
337
347
319
347
425
356
351
338
450
375
346
348
354
355
351
374
349
463
342
364
355
347
325
349
340
401
314
357
327
358
331
339
427
355
358
378
314
352
345
388
341
324
370
383
526
358
346
346
346
321
350
420
417
354
367
347
361
360
355
374
426
652
346
347
419
342
353
428
348
483
328
379
347
350
347
352
329
450
357
362
360
335
353
339
316
390
355
364
349
348
356
350
409
434
366
342
387
350
346
342
345
413
325
339
355
344
349
343
349
332
351
429
340
347
344
349
387
352
405
359
333
339
352
346
351
428
347
349
312
337
332
342
329
328
355
325
346
344
450
351
330
350
342
351
347
342
386
347
337
487
370
344
359
357
351
346
341
363
359
353
335
355
387
385
333
319
356
358
333
345
335
342
323
345
350
359
350
571
400
353
353
349
352
349
351
349
380
351
357
338
391
345
377
426
365
420
364
416
327
315
350
332
852
355
352
364
347
434
343
372
357
369
368
463
368
388
371
357
339
412
501
346
435
364
346
348
