456
462
559
508
494
476
467
469
435
477
438
457
469
673
493
548
440
513
596
464
473
474
542
507
507
469
522
483
591
522
522
714
532
518
512
453
542
525
520
482
484
492
694
620
543
513
481
517
452
477
472
511
457
464
473
548
488
507
474
485
472
488
501
469
446
463
466
476
596
470
448
517
602
566
655
503
558
439
520
514
476
494
463
523
522
481
497
436
472
502
476
500
568
511
475
479
463
458
497
505
464
427
387
494
416
377
367
415
417
415
859
383
385
370
435
397
425
618
434
1189
413
370
381
493
390
374
381
418
398
418
380
410
414
376
422
394
406
407
403
376
379
405
396
486
449
609
428
411
379
463
438
434
457
448
447
442
510
449
566
442
459
487
453
449
476
544
553
446
452
496
480
454
452
479
505
458
447
525
449
641
894
459
462
431
448
464
476
463
447
467
481
1498
478
543
443
466
463
544
484
470
396
431
406
508
430
413
405
369
414
395
401
403
403
420
414
377
519
409
404
400
425
426
391
455
420
400
414
400
396
369
441
448
400
403
408
524
397
391
405
496
398
406
494
426
390
402
378
456
437
374
519
415
408
414
419
441
418
438
395
402
400
469
1007
465
494
416
421
432
449
372
403
460
386
450
416
401
384
400
422
399
473
388
513
443
420
429
425
459
429
449
433
421
478
440
428
456
430
454
464
457
479
474
461
443
485
450
456
450
443
456
460
443
441
474
472
461
444
526
428
445
458
430
456
471
476
431
458
643
444
415
503
438
464
455
410
517
481
416
439
485
430
445
518
432
446
501
453
447
442
442
456
455
433
452
462
484
430
519
453
446
448
430
430
454
442
432
439
442
447
464
459
533
407
435
470
436
424
435
492
414
499
454
450
449
438
449
432
443
498
455
471
453
435
456
428
546
446
440
513
457
449
494
522
451
405
440
442
455
457
439
437
472
444
446
460
442
605
432
572
444
451
422
488
466
430
434
429
446
445
463
482
428
470
441
508
440
514
463
450
409
442
422
451
538
408
441
423
529
462
630
506
514
547
632
473
462
464
505
405
437
436
440
429
407
461
439
508
640
447
452
447
454
510
449
450
449
596
447
497
484
483
466
494
465
462
453
422
492
477
460
476
447
434
441
445
588
581
451
461
442
470
434
443
404
447
454
559
705
474
413
455
440
430
481
409
460
472
505
437
488
558
459
480
437
456
461
445
455
419
551
435
438
491
453
489
431
476
462
487
445
485
451
459
457
441
477
440
455
398
441
443
435
444
452
440
481
426
457
440
475
432
437
444
438
445
446
527
409
442
493
443
452
448
440
412
449
465
440
453
438
457
447
450
453
499
412
454
481
443
457
433
456
457
480
423
441
418
397
445
434
443
429
515
444
459
450
447
455
562
529
431
470
445
439
456
445
440
480
463
458
438
450
473
510
472
468
459
421
446
427
453
452
447
787
452
449
452
521
484
450
438
437
443
448
431
456
524
530
492
445
445
530
513
462
434
445
444
430
493
534
429
439
468
448
424
458
461
408
452
457
443
449
462
426
442
415
435
517
445
428
461
445
448
425
456
451
480
406
473
423
428
455
436
409
463
479
445
432
516
445
417
426
466
450
449
441
419
438
422
444
472
422
446
443
447
425
431
441
3384
452
440
554
458
430
448
433
431
428
450
456
440
438
434
442
512
450
447
480
448
432
472
467
440
466
519
409
439
463
460
438
455
444
455
451
444
486
470
426
541
451
417
443
466
450
1222
499
438
443
461
459
448
441
501
427
444
488
484
448
451
465
422
445
502
447
445
454
466
426
471
455
478
451
483
476
452
453
459
439
487
439
448
455
438
455
436
487
440
426
443
461
441
450
479
450
413
434
447
450
434
441
449
437
491
439
438
470
420
468
463
440
426
444
457
438
443
465
454
429
433
451
434
441
428
887
442
431
441
437
429
411
459
453
471
439
439
456
450
465
532
447
480
443
515
551
429
470
440
452
410
442
488
412
434
524
481
443
516
465
440
441
449
434
455
467
458
460
440
433
442
450
464
519
534
441
438
481
452
454
521
447
434
486
493
452
434
466
457
512
482
436
455
440
440
436
464
432
440
429
435
432
414
467
419
456
451
448
450
444
441
440
445
457
448
436
427
431
457
444
527
438
450
422
525
452
550
402
419
443
480
498
417
446
449
442
468
427
541
404
456
440
424
441
422
463
440
477
450
453
493
455
436
450
449
527
446
431
459
439
443
465
445
447
453
408
441
476
415
452
434
450
446
437
441
448
476
442
449
523
465
444
458
481
452
429
470
482
522
424
514
459
434
523
496
441
460
443
455
479
441
510
499
510
425
447
438
450
443
447
455
414
473
488
440
451
433
444
467
434
419
414
415
446
498
475
493
444
437
457
445
490
409
455
477
427
432
424
464
464
446
450
441
850
461
454
441
425
465
419
550
489
448
438
492
464
450
451
454
483
549
476
452
463
436
451
524
446
446
449
450
475
466
421
539
519
462
463
450
470
467
492
