598
705
658
611
621
596
604
643
674
854
636
591
609
587
613
660
653
906
630
605
654
900
657
979
687
615
572
586
617
611
748
632
588
638
669
611
614
607
609
630
640
573
756
635
553
578
587
566
593
620
583
549
581
601
575
583
726
708
651
578
589
616
712
670
576
586
622
610
595
676
639
667
906
602
677
697
604
615
619
637
677
615
626
645
602
633
622
697
701
597
646
654
588
635
582
656
626
603
595
765
519
539
539
560
568
697
437
490
539
517
485
504
535
645
661
479
620
499
488
539
495
511
505
488
625
499
463
624
485
593
545
520
470
559
553
546
622
634
558
501
491
641
566
556
489
447
526
484
482
486
616
554
557
551
590
589
645
657
638
581
591
586
702
578
546
575
580
572
553
607
582
590
565
613
598
581
584
706
626
562
581
579
603
615
561
585
564
557
793
549
583
611
533
558
562
589
630
874
593
575
504
560
537
625
503
613
540
548
498
513
527
509
556
566
660
635
544
480
534
553
562
563
550
506
474
520
477
493
535
494
634
533
531
487
543
594
527
546
545
587
523
522
567
725
677
528
522
497
532
532
658
590
535
549
463
547
497
457
453
561
517
736
562
536
474
590
518
518
500
495
518
512
518
625
531
511
496
522
530
521
571
520
475
505
555
481
485
487
991
550
544
510
598
479
527
543
524
491
473
592
564
770
547
580
571
570
576
554
555
560
550
555
569
584
597
512
595
547
544
557
540
557
547
590
542
527
542
543
590
538
551
569
574
578
548
551
605
551
544
566
570
552
530
540
596
511
543
539
631
587
565
592
553
583
561
575
792
657
558
604
546
565
560
556
592
556
555
544
629
590
539
583
549
587
547
539
543
577
541
548
558
535
589
550
512
560
553
644
515
540
592
573
568
550
603
535
540
593
579
547
591
573
591
572
545
940
607
571
711
704
556
574
545
576
676
574
576
649
580
610
595
564
565
543
578
634
602
573
583
658
557
557
575
586
604
593
683
671
710
603
603
825
578
715
568
570
565
672
563
626
566
568
551
583
692
612
632
717
626
635
536
592
535
549
584
565
560
631
638
533
550
563
599
588
583
573
570
722
707
555
637
554
612
569
571
581
627
600
610
595
634
559
545
535
560
571
603
581
555
585
603
631
715
571
720
588
552
547
530
553
568
563
553
588
599
585
525
590
583
596
594
588
545
555
692
605
577
606
594
579
605
556
510
601
655
546
547
553
582
539
532
557
544
611
590
563
557
562
549
516
560
532
538
547
559
605
561
576
542
531
591
634
593
561
570
546
546
550
576
540
505
511
550
509
569
549
548
780
574
589
587
639
631
588
701
696
614
550
575
613
555
578
589
512
602
549
552
621
628
583
678
547
616
761
575
661
560
595
607
534
561
586
566
612
576
632
585
569
557
568
584
583
554
638
629
530
532
674
544
617
570
573
578
647
553
628
695
541
546
550
536
542
570
559
686
600
605
670
800
557
563
551
568
589
593
550
561
562
598
614
554
516
545
587
548
544
548
548
568
543
569
550
554
554
564
613
563
562
580
618
570
543
771
656
582
727
579
552
614
770
605
590
565
591
553
557
592
540
554
568
579
604
547
548
554
593
516
580
621
632
596
666
595
566
740
554
530
564
566
830
641
559
656
672
687
545
572
537
612
575
581
554
543
567
505
561
598
586
573
568
586
560
635
550
568
545
577
554
15223
591
557
582
575
583
603
605
553
512
563
575
540
577
611
573
587
594
612
620
582
601
582
579
587
571
755
580
564
577
583
567
564
770
565
572
567
593
667
584
597
594
616
573
619
585
554
584
639
574
515
565
624
579
540
624
558
543
536
536
570
606
620
567
553
563
555
538
605
577
575
542
603
571
599
517
569
575
581
698
564
794
554
554
559
581
630
532
543
558
556
513
555
544
528
512
646
552
544
536
561
686
581
638
648
693
540
551
599
552
623
571
752
577
572
542
555
575
567
566
556
538
554
567
568
539
611
556
502
541
555
585
565
619
665
637
573
737
581
527
567
610
523
550
567
560
549
559
560
551
640
548
550
821
571
538
547
573
574
562
625
609
568
542
522
587
574
566
550
542
542
564
578
684
540
548
592
609
561
565
563
540
655
558
644
580
605
573
559
568
597
579
681
567
590
605
584
610
622
618
527
576
542
608
608
564
596
681
675
620
566
593
574
612
606
565
619
570
604
573
574
514
547
580
569
536
540
641
597
562
666
590
601
541
547
587
651
584
555
589
633
543
555
538
554
538
556
577
605
560
594
788
582
1639
564
565
565
540
559
664
599
885
578
608
556
598
542
546
565
910
585
762
552
654
549
549
547
582
574
547
622
545
538
544
565
551
555
556
588
551
552
838
609
593
587
571
723
575
574
553
517
541
529
569
584
550
556
601
592
590
555
541
617
761
560
588
765
669
580
622
573
548
598
550
655
703
577
535
626
561
739
551
577
572
547
674
641
576
558
562
566
651
641
562
543
507
550
561
547
580
609
563
