740
701
739
801
718
730
715
731
708
713
787
680
677
1320
1077
726
707
724
716
742
786
733
721
915
813
732
735
708
864
873
689
650
747
713
746
703
718
698
724
773
743
704
870
830
815
788
677
736
758
731
722
1336
720
706
687
818
741
677
702
720
721
735
721
661
762
724
707
691
664
812
807
695
705
724
769
714
684
692
793
726
702
734
859
688
801
670
690
733
766
808
782
785
674
706
723
684
730
700
720
704
585
755
616
1014
603
618
581
587
731
609
589
706
561
581
583
590
564
558
787
605
582
731
595
577
581
642
696
599
644
581
576
671
615
631
562
599
672
592
693
575
595
669
621
590
788
696
603
586
684
581
689
673
713
745
736
665
708
677
658
692
713
744
681
774
710
666
713
673
734
668
696
673
671
633
678
683
650
661
675
711
759
666
651
702
675
696
778
682
656
706
649
729
681
688
641
673
646
667
715
699
631
790
666
780
687
805
833
717
688
667
589
616
623
596
667
609
671
706
611
567
1481
691
702
663
1600
604
682
669
686
690
595
642
602
630
666
927
583
672
657
698
851
611
624
596
649
610
681
664
590
659
679
752
646
634
609
601
593
705
675
871
602
572
597
716
588
593
600
695
590
710
544
611
544
572
631
668
792
603
623
593
610
690
612
581
584
626
605
718
682
613
628
585
571
640
602
603
659
604
591
645
691
630
655
725
642
749
774
691
649
689
689
697
705
745
764
801
686
663
740
676
757
688
727
724
650
680
660
683
672
677
670
681
758
662
672
723
672
702
689
706
692
686
667
664
676
722
669
642
687
669
663
700
729
739
768
711
634
679
815
704
704
678
664
748
718
700
731
729
690
670
667
651
654
741
650
652
693
629
714
650
731
730
680
648
665
655
678
670
731
646
646
658
665
680
659
735
755
829
672
631
658
708
725
698
720
685
806
952
690
724
689
667
723
682
748
741
779
791
793
694
706
723
718
834
755
698
677
697
818
815
820
717
686
691
679
676
648
681
775
866
711
677
690
717
666
691
707
700
760
720
694
698
803
689
813
682
732
746
697
910
857
727
756
853
712
875
734
695
706
716
783
848
674
690
723
686
873
700
691
688
755
741
730
695
765
678
713
698
677
695
687
694
818
702
695
732
679
689
865
828
725
690
845
929
823
748
657
704
706
687
853
782
791
665
733
638
696
703
692
849
846
702
724
663
743
762
750
631
676
700
691
732
702
700
665
781
741
746
737
681
670
673
704
740
707
752
692
756
748
774
705
708
718
690
669
799
759
707
670
737
713
691
698
693
852
683
716
751
743
673
695
662
737
719
692
671
729
714
708
703
700
831
714
787
701
677
702
761
821
813
677
673
964
731
702
719
785
766
825
736
731
688
810
811
685
746
713
683
731
659
709
699
695
709
729
696
767
675
851
726
717
677
859
683
747
779
702
669
844
863
707
730
840
785
670
683
745
691
683
810
732
708
705
734
701
666
695
697
710
763
732
694
691
681
863
783
707
777
731
813
703
687
740
695
741
811
710
661
716
703
710
882
675
696
685
831
688
713
709
669
772
723
702
633
706
838
725
705
703
792
699
704
743
813
712
681
669
712
696
693
687
722
668
766
708
835
724
701
673
673
717
732
845
727
736
767
714
651
710
725
687
677
768
775
710
738
769
685
659
735
661
1097
859
747
696
707
689
736
722
713
791
912
710
726
786
672
695
764
664
705
690
754
784
694
702
687
793
708
704
694
729
804
721
705
664
694
706
701
659
628
710
700
701
739
633
633
681
733
779
742
756
661
685
704
755
760
789
701
705
725
684
744
694
700
669
682
735
664
714
673
703
695
682
698
723
685
635
667
666
644
658
653
658
750
653
669
684
671
689
654
652
646
700
714
686
762
774
670
754
773
789
775
803
678
689
767
842
1140
943
750
658
781
684
679
689
684
776
725
728
680
732
685
646
714
624
698
712
876
711
880
713
712
745
680
765
745
687
701
751
793
710
686
655
631
660
690
789
804
666
732
671
709
646
663
662
645
791
766
759
696
694
658
1002
705
698
701
702
722
739
728
676
674
680
655
763
643
669
665
698
634
685
809
873
712
674
608
664
723
897
799
712
719
656
662
699
736
738
769
726
821
708
707
684
674
703
733
748
712
673
697
657
657
771
680
740
685
663
641
720
718
745
758
748
705
695
669
675
701
663
716
625
717
682
712
655
629
653
660
625
594
722
677
789
676
688
669
677
730
664
662
689
668
665
646
631
879
703
741
639
691
728
664
715
709
651
638
636
710
853
752
737
692
721
728
714
753
727
750
1085
675
677
704
671
752
705
697
653
683
662
651
735
666
751
703
925
726
844
745
722
1047
676
678
666
697
666
695
670
653
696
691
683
720
691
650
695
650
710
796
680
725
732
689
700
796
826
654
675
781
1142
676
704
688
666
754
693
824
672
678
759
687
777
786
659
709
712
684
667
643
718
699
774
733
676
656
715
676
659
754
702
711
662
678
711
726
642
710
729
682
669
635
