838
866
849
866
830
873
834
879
875
858
1019
1036
873
987
848
969
960
836
948
1027
872
849
958
856
839
832
856
876
833
976
978
856
834
1040
860
873
884
829
1009
1058
832
814
856
953
861
816
944
862
829
887
905
827
890
881
836
820
943
860
822
869
970
863
831
1036
868
874
959
836
882
998
833
821
845
843
871
904
833
913
801
972
849
866
877
903
840
831
879
944
1273
958
820
860
905
877
855
909
826
861
821
828
701
819
724
697
890
776
699
717
861
800
694
711
684
756
658
693
902
718
704
830
817
683
710
652
685
901
784
728
681
659
693
846
695
776
718
693
703
724
933
706
678
697
680
673
813
812
834
659
686
684
804
846
794
830
772
832
969
801
793
766
840
809
918
822
804
778
767
796
795
820
811
810
806
816
806
844
1013
979
807
818
875
799
889
823
821
785
881
905
819
804
808
797
792
872
808
791
912
841
820
852
677
743
985
686
767
701
865
746
742
729
1123
755
717
728
735
828
685
680
751
718
738
762
771
837
706
690
693
732
736
796
801
834
774
693
671
817
703
803
819
747
800
794
752
750
724
824
737
756
776
754
750
819
1170
697
713
737
712
694
685
763
772
717
912
699
802
772
758
787
742
788
755
707
710
734
795
707
764
732
758
771
835
723
745
909
837
742
706
785
792
709
756
687
758
769
755
731
751
791
738
715
805
811
788
798
845
875
805
810
779
837
1142
833
875
854
842
828
899
805
791
822
792
776
906
832
844
828
813
822
824
779
822
863
926
820
810
872
853
814
805
1123
974
835
906
866
1121
803
953
860
814
834
807
793
875
801
818
870
843
901
940
892
836
853
805
949
847
807
937
824
859
852
823
824
862
858
863
858
872
902
858
785
832
790
848
892
826
953
858
920
840
796
778
820
807
956
894
767
818
840
797
802
792
818
952
817
858
806
1018
882
793
883
835
821
878
829
866
962
847
841
923
931
805
831
893
826
798
909
789
843
865
834
827
793
850
919
824
788
914
906
828
850
827
935
806
853
961
837
842
908
837
814
826
810
785
820
978
853
821
960
831
873
821
828
951
851
850
807
858
938
851
900
917
815
829
808
825
825
849
834
840
823
828
861
894
791
840
847
966
784
964
814
828
842
855
795
900
992
929
873
970
1006
883
840
852
827
808
837
871
841
796
828
853
776
837
841
799
975
887
855
851
874
965
856
848
865
834
836
966
844
840
803
951
843
798
844
795
817
822
807
802
834
922
986
869
896
824
1135
1801
993
887
820
895
946
798
796
857
914
832
941
836
873
953
841
836
929
828
783
806
852
982
843
843
975
827
844
913
839
812
881
807
853
813
852
802
857
847
830
819
864
984
842
822
947
822
856
839
883
906
864
901
1169
851
799
871
856
965
814
960
856
829
835
869
823
852
867
824
944
878
852
880
847
834
855
811
938
897
890
859
885
833
875
900
875
865
809
929
1194
869
830
833
998
1018
856
922
845
869
853
819
918
825
842
828
834
890
768
826
830
756
984
844
804
850
865
825
831
863
818
907
892
856
888
822
1137
1063
790
863
957
875
940
926
888
833
928
786
834
859
961
807
836
998
840
819
1362
835
946
909
919
797
832
774
792
894
849
809
912
824
1015
825
835
817
799
854
878
833
872
856
1011
883
824
950
789
876
910
986
930
864
885
823
882
789
872
979
872
781
923
1065
846
866
858
933
855
845
981
798
850
828
911
910
821
816
817
857
883
846
860
899
874
846
989
832
854
822
837
896
859
816
824
924
790
815
902
833
827
844
811
843
896
819
842
925
815
915
1019
898
846
915
870
844
1041
872
862
1021
857
847
903
805
884
966
845
856
856
748
835
937
849
790
939
1110
1095
910
915
895
888
973
903
893
917
908
995
848
816
1121
884
876
863
890
916
910
843
944
897
847
874
900
804
835
1035
841
823
886
830
865
908
949
840
775
827
878
940
814
779
855
867
1120
881
882
862
768
842
889
894
864
823
783
887
844
796
828
792
913
1052
825
804
827
806
859
778
805
999
832
853
873
886
862
866
853
920
822
812
832
922
856
868
877
883
825
848
918
912
886
882
983
981
896
976
809
843
880
857
821
918
835
917
833
822
915
864
868
832
977
877
841
885
838
815
926
798
836
861
836
913
866
795
837
1177
855
813
883
862
819
926
971
816
837
839
957
887
899
934
844
845
870
930
841
985
848
850
827
971
879
842
850
922
785
798
839
802
775
991
803
840
826
920
878
855
845
849
981
785
966
867
825
838
830
972
897
834
788
813
816
774
780
941
926
822
834
818
801
800
817
809
818
848
819
915
876
869
847
877
923
1164
955
810
863
1013
946
855
845
1212
814
876
823
931
805
921
856
882
859
827
904
857
840
965
878
847
1007
871
817
858
863
844
912
844
843
848
848
923
846
954
955
835
862
808
851
916
843
802
903
1051
840
873
849
780
970
899
909
945
790
887
831
883
835
764
848
815
796
1023
883
814
844
745
737
820
815
956
879
878
950
855
796
892
926
885
884
891
1043
859
1195
932
865
838
