58
53
52
47
53
47
47
55
47
48
45
53
53
47
53
54
50
53
56
53
53
54
47
54
55
56
48
50
55
56
58
62
57
52
68
50
54
56
105
52
71
54
53
53
52
53
54
53
86
51
53
54
51
54
59
55
52
55
55
56
55
54
54
52
54
53
55
50
51
93
55
49
52
52
53
53
50
52
49
58
50
49
49
48
51
50
86
50
48
49
53
63
53
49
52
50
51
49
54
50
50
51
66
51
50
49
48
50
50
48
45
48
49
46
45
46
47
49
48
49
44
42
46
74
61
42
46
72
77
48
50
49
47
51
48
51
71
45
50
47
47
47
44
62
46
47
46
45
45
73
52
51
54
53
50
52
45
52
50
81
49
49
52
51
50
51
51
49
48
51
51
49
51
52
51
52
51
49
50
50
49
52
45
52
54
54
53
47
49
49
49
46
49
49
52
48
51
49
56
46
47
44
45
56
40
38
39
37
44
48
55
50
42
49
44
49
49
48
44
43
49
44
46
45
45
45
44
41
43
63
39
57
41
47
68
45
49
44
43
45
57
41
46
71
45
43
42
44
42
43
49
50
43
47
44
45
46
50
49
42
54
44
43
45
48
63
47
52
45
42
47
41
44
46
41
48
41
47
44
44
47
55
52
49
48
42
44
45
47
48
53
56
59
49
56
44
55
46
55
50
51
51
51
92
52
50
49
50
59
50
47
48
49
48
49
49
49
53
48
50
49
49
48
51
50
49
47
50
47
46
58
56
49
58
46
51
49
52
47
50
50
50
55
55
50
52
50
56
43
46
49
49
49
51
68
50
48
49
47
51
57
47
65
48
48
49
48
50
51
53
48
49
47
48
47
48
50
66
47
46
43
47
51
52
45
51
49
48
48
47
52
49
44
81
46
50
47
49
46
47
49
49
54
51
50
50
50
50
53
49
48
48
47
49
46
65
45
49
47
45
48
47
48
47
46
46
48
49
46
46
48
47
47
49
49
49
48
49
50
50
49
51
48
48
48
46
48
49
52
48
50
48
46
42
48
48
49
49
49
48
49
51
49
48
44
45
49
52
49
47
50
49
50
51
49
64
49
50
52
47
52
48
54
51
55
47
48
48
48
54
52
52
47
50
48
77
48
46
46
49
57
54
51
50
49
49
57
47
48
46
48
49
49
57
47
50
50
50
44
46
44
47
59
44
51
51
44
46
47
50
46
52
48
51
45
50
55
48
55
46
66
47
47
48
68
48
73
51
51
49
62
63
54
50
53
46
75
53
54
47
51
47
52
44
55
45
48
50
58
45
54
47
50
44
44
45
48
53
45
46
48
45
47
45
48
49
48
49
47
48
48
46
60
46
47
55
59
47
52
51
50
47
62
49
50
49
49
47
50
51
50
51
47
50
49
48
46
52
47
47
49
50
50
50
46
46
48
49
51
46
46
47
51
50
49
50
48
48
48
52
51
52
52
57
54
48
50
50
46
55
62
50
45
50
49
49
47
47
46
49
44
86
46
48
52
55
53
48
52
51
52
56
53
49
52
54
52
56
53
52
49
46
49
48
49
49
49
47
46
48
47
49
48
47
50
47
57
49
48
46
48
55
54
67
46
49
48
48
56
49
49
54
49
52
51
48
47
48
50
49
45
47
47
51
47
48
47
49
47
47
48
49
46
46
45
48
44
47
45
45
46
48
47
47
49
53
47
52
54
52
52
50
47
48
47
48
47
43
45
48
45
49
47
50
49
46
45
46
47
47
46
53
44
46
52
55
47
51
47
53
46
48
50
50
69
47
50
45
47
52
46
49
46
78
50
46
48
48
61
45
54
53
65
50
51
51
48
47
49
50
49
56
54
47
47
44
48
50
46
48
50
49
47
46
49
48
48
46
50
49
51
49
50
50
51
48
78
51
50
50
50
51
50
50
106
51
48
50
49
46
54
49
50
46
51
50
61
58
55
49
46
48
51
50
51
56
54
48
48
49
46
46
52
45
50
47
49
46
53
49
50
49
50
51
60
72
50
50
51
50
50
51
51
47
49
50
49
50
51
48
48
50
48
54
50
48
49
48
48
49
47
48
46
48
51
48
50
51
49
47
49
48
49
49
46
48
47
45
49
49
45
61
46
47
49
49
47
46
51
47
47
49
48
47
48
49
50
48
47
48
48
51
50
52
52
49
49
53
46
54
58
48
48
48
48
49
46
47
48
49
49
48
48
46
50
47
47
50
45
56
48
43
49
46
49
48
50
48
49
49
49
50
50
49
50
52
47
50
47
48
600
54
50
50
50
58
48
49
54
49
48
51
47
50
48
48
49
48
45
66
43
50
51
50
51
47
69
46
48
50
48
77
49
67
44
46
48
48
46
44
45
46
58
46
60
62
53
47
48
50
50
46
47
50
44
50
60
47
48
49
48
46
46
49
49
52
58
51
54
49
50
49
83
49
55
53
51
49
50
66
51
51
56
46
46
50
51
53
54
55
51
51
48
46
49
55
54
50
53
48
