971
1028
1043
957
1107
980
1517
979
1118
918
1034
1134
994
993
1056
1053
955
952
1043
1032
966
943
980
1110
936
1054
971
1058
964
1078
1017
962
1111
974
1056
1148
1011
977
939
991
989
921
1210
950
937
1047
952
915
1032
967
960
1056
1114
942
999
1012
969
961
957
1058
998
1009
993
1176
972
920
981
1021
912
994
1085
947
1022
1085
937
1008
1035
1010
977
1024
989
918
1032
1001
1006
1100
1002
1073
976
932
1027
951
951
1022
950
965
1226
955
1075
963
841
807
799
783
1057
817
778
796
947
834
804
805
980
1049
989
950
1005
874
784
784
806
838
798
773
790
925
933
928
821
776
801
791
816
784
819
929
918
829
781
757
761
968
781
766
808
765
791
951
775
772
919
1488
884
912
925
909
969
1013
934
925
922
1023
890
887
978
893
932
931
948
921
968
954
988
924
972
942
893
905
1019
936
926
926
931
868
910
938
961
924
990
919
1020
922
915
1043
930
912
903
1022
986
1017
812
859
853
843
967
893
885
900
866
854
895
1024
889
833
932
923
852
1010
877
907
986
859
1005
897
877
875
893
1217
868
1258
862
1031
943
918
866
1035
917
880
997
875
845
994
898
937
1368
928
1059
947
931
970
823
860
853
932
887
1001
833
781
883
868
910
854
1030
883
889
997
917
899
825
857
841
853
1017
859
852
967
913
878
864
821
914
896
865
873
935
854
966
1044
968
867
863
880
1044
847
897
1020
880
874
1005
821
972
956
997
985
990
966
958
1025
1048
1018
960
995
1029
975
932
937
950
1017
1003
1006
1003
954
990
1018
1010
999
1070
991
985
1002
1080
986
1072
949
956
975
940
1011
1008
960
994
983
1031
1069
1127
994
992
996
1086
1049
991
958
923
889
928
988
969
1046
976
1115
1113
1202
1285
1000
1027
982
961
1044
935
974
1007
952
1088
1054
961
1069
997
1029
943
934
982
1004
1012
931
937
1002
1101
946
960
1050
1016
973
996
957
1052
954
921
1005
941
1059
997
1080
1106
942
1634
1016
969
958
936
1088
907
1026
959
978
972
1102
1009
968
967
1024
937
1057
989
1029
974
992
985
945
1048
1060
1036
998
983
1077
993
955
982
967
973
937
951
1851
927
1010
1088
972
983
1018
1065
984
986
1104
932
1084
1037
930
951
1109
993
952
1151
933
976
969
1103
1010
976
1012
998
946
975
973
984
981
992
973
1022
968
979
1068
956
963
1172
950
1090
973
945
1029
1047
974
1060
934
1075
887
960
1066
925
1089
937
1104
994
939
941
1022
973
936
984
952
988
910
901
1013
940
1104
970
1072
972
933
939
1005
978
1344
1037
987
1023
1013
952
1056
961
936
1028
924
992
933
996
920
966
998
986
1028
1031
1045
1095
950
1011
1068
924
979
1074
932
903
954
1058
1011
957
1028
1008
944
1080
982
1138
980
936
1082
963
1062
957
1488
949
960
922
1012
953
950
1082
992
949
1208
1095
1102
935
1325
1029
984
1077
939
973
960
936
1038
999
1161
1046
989
966
1380
1062
996
962
1012
951
946
962
911
1078
944
1117
967
939
1027
961
977
984
948
936
1090
955
913
980
1070
975
951
900
966
956
959
1000
976
1392
946
1014
1015
1043
1056
979
940
952
891
928
1079
991
1002
1076
951
980
981
953
1013
965
960
1011
954
1078
1013
922
950
996
1025
976
999
955
1017
950
1011
1010
1008
983
1041
1057
1021
945
960
1015
966
911
1027
939
942
1031
956
1119
1053
1002
977
1023
930
1309
1015
920
942
1063
990
963
971
915
1132
951
936
1041
906
951
975
954
962
985
966
905
941
959
970
948
942
933
948
996
971
1001
957
948
1197
979
1017
919
937
963
947
990
1026
925
978
952
969
925
14817
1069
995
1170
987
1140
997
1001
947
911
1064
950
1143
1021
965
1160
963
998
940
952
977
957
932
990
934
1038
942
1143
953
1049
1109
940
1311
1396
982
998
982
988
1125
993
981
1163
961
1099
957
946
986
1023
1112
982
973
1119
949
1047
927
970
1033
938
943
1088
971
956
980
1022
958
962
921
1007
1023
986
1037
992
1040
946
1128
950
927
912
966
1001
994
991
1005
979
987
965
966
919
928
916
961
969
975
899
883
976
996
934
939
905
903
1018
933
919
943
925
921
932
939
943
906
913
900
987
1012
1358
952
960
1016
994
909
964
946
926
969
943
1080
935
940
967
990
924
1036
922
918
925
1032
920
917
1007
1012
1011
923
888
1025
984
983
916
946
955
917
917
962
983
944
980
1024
1032
1032
1002
909
975
948
895
874
966
975
951
963
1049
926
915
921
931
931
1251
1068
971
929
921
1057
1095
1033
1001
908
942
959
858
891
954
883
939
958
939
922
940
908
1033
1045
938
947
911
947
888
1058
1051
1011
915
980
998
891
950
1022
988
960
940
952
972
930
995
1094
1030
982
1012
1009
1038
1028
941
929
963
1026
930
917
946
991
941
939
992
1110
991
1033
957
938
1003
996
1028
958
916
970
1074
950
970
975
921
933
931
1066
1027
930
955
1019
1024
927
921
968
938
919
1008
921
1105
1006
1120
937
1119
1026
1030
1117
952
990
1100
958
1082
995
925
979
1001
1046
1054
1046
1011
1032
994
1082
1010
958
1007
1089
978
972
973
1076
1035
1102
959
987
1000
933
1079
1018
1101
1023
1037
1387
976
1026
1012
1025
877
1047
1029
1016
1004
1024
1123
1049
1030
974
940
1053
990
1151
1045
972
1094
1024
1068
981
1017
967
1070
996
1103
1007
983
1081
1052
969
1023
1002
960
995
1132
991
953
1006
1064
1063
1024
1188
1000
950
1122
1011
1069
1035
968
1100
