12832
12726
12402
12787
13848
14938
12891
12870
13226
13661
14593
14891
22660
13348
11652
13688
11194
12893
9707
9121
13081
9627
9320
9610
9119
9090
8609
9104
9064
8835
8985
9376
9353
9539
9358
9453
9645
9857
9352
9876
9478
9523
9116
9497
9878
10288
9705
10353
9720
9461
10013
9402
10569
10213
10057
9391
9380
9702
10759
9727
9996
10152
10460
10698
9343
9467
9588
10246
10280
10355
9380
9414
9485
10051
9523
9676
9870
9770
11813
14268
13331
12715
13597
12596
13822
13243
13315
13472
13900
13046
12677
13713
13844
13190
12769
12448
13668
12779
12957
13194
15251
13019
14899
15782
12936
12868
14110
12798
13684
12355
13142
12975
12446
12416
13355
12360
12329
12771
17694
20534
25055
23348
20634
21214
17375
16779
16982
17169
17542
17498
15944
14098
16562
26915
17330
16095
13280
14789
14921
10433
9947
9489
9417
9357
9315
9431
10928
10728
11074
10349
9901
8926
9423
12831
16027
18255
18170
17918
14100
9993
16065
16627
16066
15572
10213
9773
9854
10887
8768
9233
9742
13406
13989
12987
14081
10854
9744
9413
11313
8822
8758
9327
8911
9621
9189
8874
10432
8934
9235
9833
13705
13145
9940
8870
11078
10557
9281
12714
12276
12390
