196800
201694
208267
203083
208990
198350
198554
233563
199336
202537
207146
206008
199518
195845
202302
202516
209117
202070
203672
257070
317589
287852
294616
275662
304863
311924
227219
209724
203757
219236
265697
277558
304028
297365
305156
292194
280317
287423
282373
284745
280647
266656
266274
267701
211709
196344
196074
193075
191117
261775
274854
276759
276946
281543
274355
284988
258770
194275
198520
203855
206812
266859
280157
275822
275731
204396
200193
199150
209889
230027
265445
299776
278569
260415
197323
210491
221726
204424
280103
265181
267863
294551
300053
291054
280897
277652
278339
273230
268780
275723
270270
267893
279800
277005
323623
300098
280558
273467
268125
315377
268630
288091
270354
281876
293106
280073
230567
237042
231586
216354
223805
289341
279452
277348
288933
277761
277934
277015
280610
296419
280184
214803
199252
214594
201425
214620
250076
256313
264895
301869
294151
274441
281763
309314
287855
272467
285856
267074
284807
284562
281590
280720
271782
268608
262342
269831
259243
256571
262750
275134
276539
251989
250628
247845
266037
273252
281541
288978
296732
269070
285929
303582
311726
288652
284384
303764
274425
292713
332023
262853
274528
297088
285771
276583
263924
267096
282511
284134
282247
280648
276865
284165
266559
270343
264752
268504
274912
258024
240488
266057
256360
268611
266881
269490
275789
263171
282724
258690
266897
256911
