18523
19094
30293
25036
24023
22553
24289
24754
23931
30216
26714
25859
24458
23484
24076
26419
26255
23689
23301
21042
20563
21731
21340
23347
23152
22986
22896
23277
21933
21724
21514
21626
20634
19068
21312
20412
19146
20719
19874
49690
20377
18914
21924
26591
37234
36669
24408
33309
22746
30787
19244
18835
23745
35698
25022
29879
34406
18728
17791
20748
19557
27822
25317
25370
32591
22651
19694
18956
18642
13638
15851
13775
22126
25761
20089
18482
15828
20815
21707
22621
20096
18184
16835
20010
21674
15365
21418
22273
24447
21643
22364
16269
13543
13747
15444
23809
18052
14462
13250
13273
13752
17609
21823
21758
19734
14888
13750
14843
20354
20788
20125
21088
21204
15236
13788
14314
15542
13727
20292
13921
17282
19437
18314
18357
13465
14121
16256
25434
18247
18523
20087
16547
13377
15079
14169
15722
13687
15953
18727
16761
14733
16785
15998
13986
16933
15167
15268
15743
14906
18747
18327
18969
16371
19832
17036
20453
20362
20364
17233
15833
17921
20196
21984
18434
14738
13645
13870
14006
14781
13382
13779
13598
13780
22705
15164
13845
14210
13609
16678
13960
15996
21204
21477
16858
13392
14435
13817
14435
14350
13648
18002
21724
17428
19027
21091
21020
16848
13607
13992
14712
