19063
26109
20209
22449
21782
28172
29793
27119
21759
23291
20902
21949
22102
21950
18435
18672
18420
18848
18871
19117
19367
18753
20679
22929
18587
18516
20365
21751
24772
18417
22303
21842
22701
19106
22357
19874
18135
18685
19439
18783
19056
18266
19875
23890
25374
25027
21627
18486
18318
19578
20482
23722
23823
24292
26978
27290
25508
18457
19003
18875
18327
18596
18425
20507
23612
27403
21142
20436
19014
20063
21427
21958
23916
25692
25583
20494
17726
17504
18780
22373
21185
18523
18107
18960
18860
18779
18281
18396
20085
18097
17528
18249
18478
40587
19418
18588
22039
26069
20518
19357
27227
18714
18380
18757
18877
20808
19307
21981
18660
18681
21852
23996
18541
22176
22671
23270
23083
24148
27703
24076
19942
32363
20106
20226
26601
33315
26681
20152
31499
23010
23685
23888
36390
21511
26185
23224
24375
27544
28698
23266
32063
18900
19334
27893
30951
23106
19780
18351
17608
17815
19588
20894
27954
28741
28440
28115
28855
27601
19736
18313
22758
28310
26328
27066
19675
23539
20266
19663
19144
19001
18615
21979
21532
19222
18138
18780
18188
19712
19719
20055
21041
26060
21374
19734
22975
24493
20252
22692
27232
27956
24343
22292
30933
18566
19422
23965
27986
29682
26066
26069
