32199
32934
24027
28261
23421
29253
32186
35683
31596
25520
31075
29741
27511
26595
47753
33073
28514
37937
56728
34422
34672
25365
36486
32841
40611
37984
34071
30587
24116
30373
38395
31937
28115
40543
28884
32056
30756
24079
25111
24990
25166
28145
33674
32881
27025
27439
33675
24534
40282
26221
26120
29256
35090
23884
30286
37299
35823
32292
30584
31083
33166
25729
32895
28958
25089
31956
32490
24315
25077
25987
27779
32160
30707
34910
23995
24609
24678
26063
31180
36616
35635
35539
36554
33610
31589
25945
43567
26065
24747
39443
36661
39399
32583
25140
25845
26121
24639
24660
26519
27375
24421
24756
33138
42092
31358
24315
26085
24942
24565
23371
24962
24446
25113
24395
25079
24487
24544
26323
25513
26108
26358
25413
28738
30351
24814
26934
26776
24757
25253
24449
24995
24879
24355
24614
26797
23935
24985
27392
26189
25087
24806
24403
24348
24657
29684
30538
28874
31489
25910
25563
25220
24162
24243
24246
24729
24875
26238
26288
27648
25126
24108
25130
25777
24539
24040
25293
25397
24593
25105
25318
31488
28867
25930
25280
24423
24307
24995
27727
26830
25182
25117
24523
31763
25552
23905
28649
33951
30919
24027
24183
30425
27568
26734
31536
26333
33238
25397
24999
24780
24512
