32941
32494
33404
37708
42730
37698
37240
34897
31184
32539
32128
31784
32795
31469
31442
33944
33358
33968
33968
37907
32709
31205
35696
32187
36535
33546
32661
31614
33372
31187
31646
31938
32517
36204
32726
31675
33407
30819
30546
30778
32968
31799
30708
36887
41209
36805
34607
32302
31838
31005
31470
40570
35455
30642
30945
30687
38616
49395
33412
32208
39410
32601
39409
32103
43386
39499
44049
42712
31113
32396
31104
30937
31172
30048
38568
31574
31512
38579
35811
31836
32309
37323
31490
42906
47158
31833
38935
46898
31805
42474
36993
39422
31010
31799
39939
43884
42522
39442
38609
30902
35316
41845
43481
39719
39190
44467
35548
31374
30573
31358
31198
30711
36533
35826
41060
32894
33708
31230
38649
31897
32149
37350
32336
31173
33219
33975
36434
40469
31058
31323
31982
32029
31584
34278
35315
32126
31155
31877
33043
31615
31038
32108
39606
33303
33146
32846
32288
33556
33484
30795
32992
31342
33690
31018
33138
35472
32000
33282
32704
36144
30733
36028
34231
36065
44548
31905
45329
32834
32117
31091
37046
32087
40313
31286
33078
34830
30891
30538
31570
31068
32961
30997
31838
30437
31239
33313
31810
31736
35489
35124
35261
34006
34678
31466
31068
43085
32140
44758
44596
44148
