56075
51406
48106
43748
46139
41433
39008
42050
41261
41490
39479
39209
41794
51744
41664
40705
56119
40265
42741
49055
49932
54953
40462
45333
52979
45532
47090
43886
40044
63031
40717
44031
43317
41692
40027
39979
39188
40026
40697
61345
43040
46573
39340
41050
42490
57691
39592
45016
38832
40884
38315
42779
47187
42369
39950
38691
44094
41528
40904
43299
41601
40744
47800
42565
41279
52593
54205
38213
47083
50944
41713
57081
54138
41425
39346
39220
41528
40038
39377
39048
40365
55335
40986
52259
45083
40217
40489
41704
40722
42034
38848
47546
52895
44582
38477
41690
46494
46684
43405
39574
45365
40763
39753
39887
47465
42784
39473
58782
40815
43551
46639
54363
39775
39166
49334
56840
49255
44954
48331
42306
57219
47794
40880
39368
40701
39309
39554
38647
39866
39456
55974
40095
40151
39359
43995
64278
44289
50176
40736
40962
43556
40749
40312
38428
47464
58755
53035
42583
54231
51953
39809
44165
44125
39361
41766
45375
44239
40080
41640
38722
43178
38194
46889
40857
53991
56073
40418
39234
40987
45164
41839
40010
42952
65308
40804
46696
47765
52526
46714
43984
43242
40022
39656
56369
41983
43277
61096
49424
39873
58986
49138
48330
62362
38589
38274
38594
43137
80716
40249
42651
