48728
49105
47195
52447
66475
71318
53678
47804
51584
55531
54106
49394
50895
54933
53494
47853
50233
51287
47825
51194
48466
55885
46981
51748
48393
47712
47483
55417
57367
51756
48020
48625
48165
51181
47482
59760
64270
53293
48783
57592
75328
57670
50522
58461
64007
57791
71660
67059
56224
65342
48534
61133
64289
48233
46815
50060
53604
49416
49527
51287
52824
56797
55516
51728
61543
48446
48651
47062
49404
50407
52674
54897
50272
49147
63585
49895
47997
62903
48794
55444
49601
47696
50984
47679
56785
54955
47535
52383
48076
47520
56672
47684
47755
48559
52040
63282
55626
50391
76257
72664
51672
58076
74140
63695
59651
61504
71289
46731
51849
50750
50620
60953
60778
61292
58077
57045
59157
57732
50594
58446
58717
60204
53473
47132
48280
47235
49036
57064
47073
55709
57488
52443
47985
48191
49120
50437
51659
63165
47544
56184
55708
59422
47313
58423
55121
51569
48449
57277
72445
49411
49954
62720
62698
53344
48460
49448
53748
55782
48823
47618
48261
49033
48363
64732
59140
47781
48898
49188
56548
60433
49686
48658
48431
48087
50182
49517
47128
50083
50372
56064
60049
57948
53029
56577
56392
53366
65320
60825
65601
52236
56803
51401
48738
56347
53761
49691
47098
47103
47396
59197
