74894
58600
59302
66854
62744
68810
59856
76749
77471
68190
58966
58714
63997
56960
56702
60650
66254
74125
57293
58342
57949
57734
60454
59253
55820
55754
64414
72027
56916
69023
79643
67447
59875
57032
56981
66811
76882
67273
70995
69660
57281
58497
65604
60226
58807
61556
65776
57661
56190
75985
78255
59884
67721
96541
56145
61526
63946
63121
57049
63341
64887
66386
58737
72961
75381
64730
67324
64453
69855
90939
56628
56588
75639
57995
56971
70667
58908
60057
74660
65206
60532
69298
63284
64679
57878
58918
67944
78366
61852
73573
62764
58637
56411
58195
60030
63598
63288
71596
59089
73275
65389
73557
59418
63820
71648
80426
56584
71627
66047
90224
68286
71808
65931
67879
59289
74928
56516
66193
58361
60089
59073
69277
72813
68131
65402
62631
78199
76537
61422
58309
56632
56230
61579
61329
59233
59720
74447
65357
56965
55651
56268
65289
62070
68481
58335
58137
62324
66985
63554
62498
56655
69654
70083
71338
63126
73796
71201
55739
71095
60578
58293
55241
58285
67410
76710
73159
65798
64302
62473
68076
59745
60139
59769
58581
58089
62873
78213
57252
73878
61730
59482
61075
57325
64245
70399
59754
57067
57344
57642
58413
58752
56277
59809
63992
76692
66095
62316
76859
77315
63753
