5294
28028
4683
4710
4489
5058
5313
4437
4260
4316
5377
4481
4383
4868
4749
4506
5160
4552
4436
5062
4315
5020
4511
4719
4745
4267
4454
4539
4405
4375
4405
4868
4369
4769
4598
4443
4652
4491
4534
4710
4442
4451
4227
4610
4411
4411
4535
4445
4277
4606
4432
4579
4325
4316
4958
4569
4666
4773
4421
4823
4240
4628
4418
5312
4261
4795
4473
4351
4339
5061
4336
4344
4587
4428
4361
4476
4339
4478
4437
4618
4709
4747
5451
4509
4893
4610
5555
4702
4292
4515
4373
4536
4399
4254
4563
4498
5914
4562
4437
4446
4382
4634
4493
4968
4991
4782
5125
5163
4979
4559
4797
4379
5134
6232
7147
5899
4907
4381
4345
4699
6339
5829
6340
6807
7743
7410
8046
7971
7671
8288
8216
6548
6289
6586
6018
5931
5937
6004
6178
7837
8420
8379
8153
7914
7301
7690
7649
7525
8603
8856
8428
8417
8332
8068
8141
8229
8955
8436
8444
8546
9500
8237
8993
8269
8146
7910
7624
7773
8350
8592
9143
7096
7898
8151
7422
7140
7761
9285
8260
7240
7192
8465
7874
7633
7568
8878
8097
8090
8391
7644
7952
8779
7782
7490
7435
6271
7036
7379
6237
6904
