67740
74814
72556
74056
67837
71380
70657
71484
83251
75446
66278
77182
82755
68736
69638
66118
68070
73137
68010
75855
86730
73522
69061
69997
76738
78806
65936
71706
68129
67787
68287
69289
69921
83968
70312
73531
79127
78889
71275
66065
74779
78250
74912
75392
68819
68353
74217
67614
68069
72129
75537
73846
72128
73262
84268
78835
67979
70576
81892
76456
69335
77382
75095
69135
65631
78171
68458
86371
82441
71928
70059
75464
74969
67748
71672
67164
67149
72207
72898
85327
94984
78091
78998
67408
67403
67728
73606
75481
70102
71382
68076
66921
81296
73156
75275
68747
68238
71062
84692
73539
67776
72545
75541
75503
77554
90129
74118
82861
68097
98776
79450
88485
88623
82217
73734
71268
71276
71321
68316
71224
68053
69458
72275
72504
87494
80563
70059
66059
69561
77615
74750
75350
88828
72958
67139
67353
69664
73819
70723
68926
72242
66659
71977
70765
70298
67675
65737
71577
68790
66792
68164
67839
68138
79584
70442
78437
85282
70322
68183
68161
67146
69440
65135
69036
70131
68567
75580
73853
84376
85518
72752
69724
79815
77868
68919
67624
71452
74957
69160
71378
82168
66824
71612
82493
70636
81402
80349
86517
77419
80391
78377
68587
67716
69793
69031
67082
69126
66871
71756
78248
