94629
86689
91356
145502
129103
119395
109077
115159
118418
127530
137917
117438
120346
119938
120074
153085
121586
132877
108760
221062
140473
122272
119671
115711
129354
89418
101877
134902
104686
106133
111875
113669
117283
106071
111732
108750
103677
103343
105641
109895
111979
109471
111723
114131
116734
103919
104803
113448
109811
116444
111342
113004
109120
107042
103264
105904
105196
105123
111313
102964
108584
118933
109828
106830
95731
129376
110024
108295
103909
107577
100198
83604
92073
78193
85747
86878
83062
80844
83512
78179
82619
82525
98275
93354
76130
78060
86454
77081
77166
87900
77048
84456
84833
79478
77891
78196
77989
79289
77048
79900
82049
77952
75215
79795
78545
82129
78314
81381
78877
76669
79785
78961
85520
91568
79882
78030
81636
78868
76197
80634
78433
78939
77501
79223
79738
77888
78624
77965
80702
90391
89156
88980
78103
82857
79425
77889
78127
75234
78963
84400
78610
83188
79628
78580
77835
77698
77662
84065
77873
80399
88882
86133
81001
81844
79313
80753
76825
77508
83442
80281
76080
81552
85257
80437
80613
108867
80715
78895
82139
78639
95691
88437
82365
79665
77651
82047
87734
99445
82647
85970
80467
90321
79254
77152
87794
76619
76556
77369
75470
100272
84642
76186
77954
101012
94560
79324
78860
86498
79016
77785
