87231
88826
87497
92298
88503
88619
92170
97611
87171
91555
105364
100080
89032
90340
91992
95465
93385
87534
87745
91265
119745
106176
92001
103659
89810
92339
109988
105415
93803
103243
107495
118721
100825
98264
87001
91416
91728
93918
95033
88159
89095
108660
93551
108968
92241
95322
94614
91924
94087
104558
91357
99826
121719
91538
97035
99395
95995
93651
89871
94607
92935
91408
100245
91117
89240
85740
88869
87285
90855
89120
87652
87831
88791
98972
93855
96439
89339
99920
92481
91731
91957
93724
133299
106867
89316
89227
89171
94931
92876
96352
89605
89544
93367
100924
103460
93379
106914
117893
95524
89349
89342
89743
94920
93730
89234
91285
108244
110348
90590
90324
93929
89439
87891
92226
92402
95529
95461
99250
97257
89275
91024
94499
95801
93587
91676
103077
101086
95901
90861
93415
91680
92244
91431
100532
98055
100890
92154
94982
97765
89640
93371
95459
107203
124082
94143
97664
102616
100221
119741
94542
98179
103605
106722
105061
104642
109288
112289
91479
97242
105052
98001
92492
91472
106141
102651
95388
89014
106799
130349
98802
112605
105376
100519
96685
92579
90297
90513
93642
89956
92963
89753
94742
90180
91813
92911
94197
91931
89981
97538
104423
93886
100139
94801
90993
101182
88689
88899
90761
90054
94101
