101470
102695
100951
98977
99553
100860
99249
99040
100024
113700
102504
98626
103424
116950
99860
98080
112405
99938
110867
117722
125955
96055
97446
105771
100787
109203
109722
119152
120711
116060
102277
105669
104223
99726
100300
116834
102690
100456
98653
105381
98658
97851
100822
102351
110133
101223
99018
126445
114333
107918
106019
102440
104132
136117
143654
143481
149730
138705
134591
142230
144040
139018
139688
135426
140173
132901
137911
133266
134802
140869
139136
138024
134414
139684
133261
134182
136176
153949
192531
142876
149595
114702
126427
119641
131423
108196
129318
108540
107935
130894
140366
168260
172570
137917
145777
146453
131572
100088
99678
104880
99762
97260
100851
101388
99312
101173
95792
108548
123421
110881
100206
98555
98516
115299
112206
112373
139177
113456
110124
103319
103609
118452
145110
107132
108415
97241
101504
99826
100684
110261
99916
101518
98362
122549
127810
100260
127130
104193
100755
99581
99977
102092
105149
126473
102802
104137
102945
105946
112366
108095
110551
103603
100512
104481
103522
106160
124707
109343
100944
104279
100169
100538
105203
107480
115828
99244
105148
98955
101809
100496
137326
105188
117450
105188
98268
107969
108125
112507
156047
104902
125736
102106
110774
106251
100213
101332
104035
123047
149349
138076
147841
168486
138719
141035
144166
165105
150568
155707
141580
166727
