177753
180363
162960
160712
176906
153546
117145
115504
118224
134060
164406
144295
135146
115035
115161
156282
119697
117430
120250
132286
145578
116123
123830
121822
135511
129468
117059
113877
118544
123179
133267
116647
133377
148533
126924
130550
124433
125180
125295
125976
148445
134709
134018
152358
145238
148340
116735
126000
129972
133695
144125
141995
158905
150799
152978
161239
165911
161146
153387
158080
155211
160113
157715
162832
151835
166000
152862
159900
159493
170400
153407
162680
163632
151871
161548
157503
159436
158592
150778
145525
167039
158043
179222
156701
154935
155426
161803
151931
158276
160024
158274
146967
157879
158688
163172
151664
159919
155774
164179
155987
168845
162175
151467
147953
154324
153958
165781
169682
166144
167398
156550
155918
150888
176383
153375
156699
162268
154660
162920
174448
162823
146480
155974
157783
158053
164127
156093
154243
158180
155550
151347
161442
158374
156378
163272
141212
144133
156089
139216
155497
149334
150052
161342
162404
154163
155013
152783
160574
179399
166292
176258
163388
156200
156191
124018
117609
135013
145061
145641
138840
163066
151020
154977
167749
165756
169210
185325
165360
171574
165363
152938
129882
127056
122632
114327
141843
124151
171486
112079
127618
150927
120011
162869
115228
117312
128182
148053
148765
129851
116750
141339
128016
115483
127442
130544
155698
170682
199468
166583
170775
