199782
192644
215126
180500
202653
190523
185796
191417
186140
201343
186405
185772
182415
186722
191538
175290
171698
166993
182171
190561
187824
149682
129319
171365
145741
154699
149505
157411
124146
148609
173734
185298
140469
134059
131076
141391
151197
182915
137789
148844
130171
172378
137514
149053
148459
123982
122965
145568
197575
134837
139456
137357
142018
167599
159300
137085
150900
137494
142635
178138
165487
171513
173428
179417
177558
173721
171837
171356
185180
186870
185317
179507
173919
179888
174497
172598
173393
174500
181307
178053
170264
182726
172714
173823
175218
189276
169120
183915
178086
173423
185770
174425
163877
170990
154389
156873
182228
187597
161892
146013
148008
174377
146240
150632
144003
165564
150240
189889
207968
198767
190344
201408
190023
193656
203767
207700
171581
193530
172552
178646
196707
210015
187430
186571
186105
193363
187170
186133
191081
195556
193069
186574
169978
124914
158493
177711
151295
162406
147561
162152
186627
171983
173868
169148
183349
186507
180603
168732
168094
165131
180108
180112
169147
177336
177758
181031
183989
174014
170648
171909
170539
184080
181089
165443
168315
182579
186249
172702
187534
177125
169936
172986
177284
177862
178433
187328
187549
174697
181318
178864
169939
171942
170120
177219
191581
182042
173504
181128
178676
170509
142934
153412
145385
123513
147021
127638
150942
180761
177060
176454
