193711
194691
195117
200450
184297
181737
195800
207934
200950
183729
189996
194931
205125
194608
185331
194316
197225
196202
197189
184305
198244
197095
201732
193329
192645
190033
191120
193727
152248
139432
139320
161259
152435
145420
166075
162055
151974
165885
181574
168396
151533
184150
197588
193453
182930
193704
181234
188011
203767
202065
216526
198549
207964
189885
201034
195234
138537
137930
137110
144319
154627
147507
205519
146262
141147
148890
164764
169145
150296
198145
200099
199810
201285
194237
214789
210204
191386
218318
194442
200680
207689
197764
203816
192850
213359
205612
193850
198484
205360
219091
205237
206961
215041
196513
199899
206911
212976
242049
203580
206568
201787
223837
192049
198910
196352
207643
191030
208289
210634
209617
194731
208459
212296
194792
203563
192682
229261
217876
185431
154941
217815
189703
192681
214972
193772
205956
219304
207305
202787
209995
205162
201424
190708
189907
188366
187662
185967
193577
183152
193112
204453
179683
298417
214814
196937
186147
183854
193898
197208
207846
206172
193013
191767
187049
191259
179446
185563
184070
182162
184905
187168
183825
198183
177867
183749
193377
185694
180750
179061
189494
212237
245595
210646
199543
212012
192363
183100
184000
190887
188515
200999
190981
181726
187460
186951
199552
183311
181012
189160
189816
193570
184267
187089
183846
192646
205104
194017
186615
180744
184222
