208807
211818
209625
203540
203350
219509
204016
211022
207007
264353
287316
219220
222410
216626
225681
227402
211448
240826
254491
275209
203666
204115
225001
246539
216976
219480
233373
222275
222523
202250
221310
216704
224579
215808
216729
209981
211641
210473
196289
217283
234321
213205
203059
211111
219546
217084
224233
218727
203873
219962
205595
204895
202437
228863
218852
215927
222245
209479
213085
211700
208387
203989
213931
227380
215969
224989
214916
211663
205681
210789
209500
205662
222351
220366
215125
211563
204018
212031
215486
208183
218241
214479
209959
207038
216132
209479
219741
218101
202579
204546
210371
209777
197962
206639
223628
228742
186357
198327
184953
187360
152423
158740
157404
160898
148881
187140
157554
157522
151993
151340
158791
160649
196008
162028
231201
247947
213822
217584
218789
220465
210457
212597
224590
214968
198680
215937
218605
220224
211386
212444
223116
234833
233871
207379
221717
223377
217599
217646
223943
217812
198898
173330
160062
153078
154448
151206
157420
177610
153551
151879
152491
179027
172607
204007
216705
208007
221620
213000
216576
222950
215308
213196
211076
217210
211360
216457
209682
221647
256228
270918
214437
168489
158401
181188
161568
167077
164147
201716
206542
209673
217525
205491
217979
204391
211265
215781
215768
213693
206260
216658
214062
219020
216685
213168
215117
212957
169024
168064
158121
166059
