175085
186538
226952
216823
228343
221135
218627
221093
216130
221639
230569
226511
222087
236258
228870
274419
241630
242462
273505
236417
234921
242906
221952
231528
223756
233140
226042
233912
220016
232130
222325
228970
221616
216721
233734
222561
234080
224300
226870
224726
219274
224135
228516
224099
222050
229332
274273
289729
223418
265254
247395
234550
250471
185762
226585
229768
182752
195598
169500
175298
204376
177628
173464
202818
283845
226550
185815
200144
191323
218141
193082
218151
222777
174334
178833
198153
219521
171374
167001
169767
199756
177435
170602
175466
220611
206379
272602
207169
186561
176967
173564
184631
186978
173383
184164
174336
191958
182000
199176
179418
185986
179069
173817
174577
182546
175904
182992
184015
166345
172730
176163
177855
175580
178182
172886
175489
198822
186821
187394
178730
201180
166342
167919
166004
171827
197322
174487
191007
185005
173523
171594
174668
182699
181581
178386
172441
190495
165709
175959
173218
176882
180814
171015
168173
179359
194778
178323
196129
171210
177390
169222
182280
173025
197164
175350
213063
174886
179124
168701
174731
172438
177601
201916
178651
174648
183821
249107
212818
186722
170640
178225
202349
171334
169331
176713
175025
194858
185961
180424
265497
239186
214693
195885
185908
170767
188840
173345
175499
166657
169013
175984
168384
174136
180096
196726
166023
178712
180592
175259
177136
