199980
187008
196306
193424
228511
194713
202248
208251
191161
193448
203463
187627
193835
214920
203059
196787
207858
206033
245854
210366
219997
223616
210786
212157
233003
191546
211158
224965
192359
201201
202213
192203
202073
205365
187130
186787
193138
211696
189262
198431
202667
182796
193811
187338
193164
195088
191921
217417
196234
219547
193063
207938
187313
190538
189596
211576
215174
199728
200440
211727
195418
209718
192038
213810
202506
201201
184855
209989
197394
189685
198719
206246
200741
190509
206075
200939
190848
191737
253940
289589
219751
207634
196172
193057
192337
202548
202823
199162
203209
204777
192330
196099
215470
198801
195478
190291
219500
196657
212832
207075
188916
209650
191845
210486
229315
197670
188835
191597
189761
223030
226906
219187
184201
192463
211961
213418
261950
265874
261633
276145
270752
280038
249832
249521
287403
272985
265350
275516
293780
234753
217460
249558
266730
310843
247909
284184
274001
299319
267198
300352
260288
294809
284066
280431
264633
278434
267147
322813
309789
277851
266733
258714
264256
222268
187006
187547
187596
182056
195752
278215
273081
249246
248321
273936
272322
264135
259932
268324
270667
275941
315729
289906
275231
269370
286631
300859
295004
280085
265985
261970
267109
273765
284469
308865
267430
264035
277926
284606
288968
288564
276905
289193
237991
188012
177668
183562
190451
184200
175814
180592
