8
8
8
8
9
8
14
9
10
9
10
10
8
10
15
9
8
9
8
7
7
7
10
10
9
13
10
10
7
9
9
7
7
7
8
6
7
6
7
7
6
6
8
8
6
6
7
7
6
7
6
7
6
6
8
6
6
7
6
7
7
6
6
15
6
7
7
7
5
7
9
7
7
8
6
6
7
7
7
7
7
6
11
6
6
8
7
7
6
7
6
6
8
7
8
8
7
7
9
7
7
7
7
7
5
7
8
7
9
10
8
9
9
8
8
9
8
8
7
7
6
8
9
8
7
10
8
8
8
8
7
8
7
7
5
6
6
7
6
5
5
6
5
5
7
6
5
5
5
5
7
6
8
7
7
8
6
10
9
8
9
9
9
10
40
8
10
9
8
10
9
8
9
10
9
9
8
9
8
10
9
8
7
7
6
9
8
8
7
7
8
6
7
6
7
7
7
7
6
6
6
6
7
6
8
8
39
9
7
8
8
8
8
8
19
7
8
8
7
7
6
7
7
7
8
7
7
7
7
7
7
6
7
9
6
7
7
6
6
5
6
6
6
5
7
6
6
7
6
7
7
6
8
6
8
7
10
7
38
8
8
8
10
9
8
8
8
7
7
6
7
6
7
54
6
8
8
7
8
6
6
6
6
8
7
6
6
7
5
5
7
6
5
8
6
5
6
6
6
6
7
7
7
6
7
13
8
8
9
8
7
19
8
9
9
9
8
8
8
9
7
8
8
7
6
7
6
8
6
7
7
7
6
6
7
6
7
6
7
6
6
5
5
6
6
6
7
7
6
6
7
7
8
7
8
7
8
8
7
7
7
6
9
8
6
6
8
6
8
8
8
9
8
9
8
8
7
7
7
8
6
7
8
8
9
9
8
11
7
9
6
9
7
7
7
6
7
6
6
7
8
8
7
7
696
9
7
8
7
50
9
8
12
8
8
8
8
8
8
8
8
7
8
8
8
8
7
7
8
7
7
8
6
7
8
6
8
7
7
6
9
7
7
7
7
6
7
7
7
6
6
7
7
11
6
7
9
6
7
7
6
5
7
6
7
7
7
7
7
7
6
6
6
6
7
7
6
7
6
6
7
7
5
7
7
6
7
6
6
5
6
7
6
7
8
7
7
8
7
7
7
7
7
7
6
6
8
8
8
19
8
8
9
8
9
8
8
7
8
8
8
9
9
9
9
8
9
6
7
7
9
8
8
8
7
8
7
8
7
9
6
6
6
8
6
9
6
7
7
7
8
7
7
7
7
7
8
8
9
9
9
8
9
8
9
8
9
9
8
8
8
9
9
9
9
8
9
8
8
8
9
8
7
8
9
7
8
7
7
6
7
7
6
7
6
6
6
7
6
7
6
7
6
7
7
7
7
6
7
6
7
8
6
5
7
7
6
6
7
6
7
7
7
6
6
7
7
6
6
7
7
7
6
6
8
7
8
6
6
7
9
7
6
6
6
6
7
8
8
7
7
7
6
6
8
10
8
8
9
8
13
8
8
7
9
7
9
8
6
8
9
8
24
8
8
8
8
7
7
7
10
6
6
7
6
6
6
6
7
7
8
6
6
5
6
7
6
6
6
7
7
7
6
7
6
6
6
5
6
7
6
7
8
6
7
5
6
6
6
6
6
8
7
6
7
7
7
6
7
7
7
6
7
7
8
7
6
7
7
8
6
7
7
6
6
8
6
7
7
7
7
6
6
10
10
7
7
7
6
6
6
7
6
6
6
7
7
6
6
7
8
7
7
8
7
7
8
7
8
6
7
8
11
7
6
6
6
7
7
7
6
7
7
7
6
6
7
8
6
6
7
7
21
7
8
7
10
9
8
8
9
8
9
9
8
11
7
71
9
41
9
9
7
7
7
8
8
8
7
8
8
8
8
8
8
7
7
7
7
7
7
7
19
7
6
7
6
7
8
6
7
6
6
7
6
6
6
6
7
5
9
6
7
6
7
7
6
7
7
7
11
6
6
7
7
7
5
7
7
6
6
6
6
7
6
7
7
7
7
6
7
7
6
6
6
7
6
6
7
6
7
6
7
7
7
9
7
7
7
7
7
6
7
6
7
7
8
7
7
7
7
7
6
7
7
7
9
7
6
7
7
8
7
6
6
7
7
7
7
7
7
6
7
7
6
6
6
10
7
8
7
7
6
7
7
7
6
7
6
6
7
7
6
8
6
7
7
6
6
6
6
8
7
6
7
7
7
7
8
6
6
7
7
8
7
6
8
7
7
7
7
7
6
7
8
8
8
7
7
6
8
6
8
7
8
8
8
8
8
8
10
8
19
8
9
7
10
15
8
8
7
8
8
8
9
8
8
8
9
8
7
8
6
7
8
8
8
7
6
5
6
7
7
7
6
7
7
6
8
6
7
7
7
7
7
7
8
8
7
9
7
7
6
7
6
7
6
8
6
7
6
6
7
6
7
8
6
7
6
7
7
8
6
8
5
11
7
7
8
7
6
6
7
7
6
7
6
7
6
7
