101
99
102
100
89
88
104
109
96
98
94
97
96
97
88
92
97
101
89
154
100
107
96
97
107
95
109
92
93
93
97
98
98
103
93
98
96
94
100
88
103
94
97
98
99
93
97
126
88
93
91
99
95
90
91
94
101
90
90
103
102
94
90
109
96
92
91
96
91
122
92
96
85
93
90
94
89
106
93
94
92
96
86
102
100
102
98
91
94
107
92
96
110
97
92
89
98
83
98
104
81
88
86
90
91
77
81
83
82
77
81
76
79
83
85
84
78
81
79
120
76
76
86
91
90
84
93
123
117
92
93
95
95
108
91
84
82
91
90
88
81
87
86
85
137
81
89
81
134
78
95
96
96
94
90
93
87
86
94
97
93
94
93
89
95
92
91
91
92
96
94
88
95
149
86
95
80
90
84
95
94
91
91
91
92
95
95
89
95
93
90
88
90
93
90
92
92
87
89
88
89
88
87
89
85
86
81
77
93
112
87
81
84
83
91
85
82
81
165
78
71
82
109
78
76
81
85
76
78
81
79
75
77
87
76
87
124
79
80
87
83
79
85
86
79
94
91
87
83
113
95
93
92
88
93
92
81
83
88
87
90
88
84
96
81
111
85
78
73
83
81
70
82
77
90
86
78
85
75
83
74
82
87
74
85
78
82
80
77
78
77
74
75
124
91
94
118
88
86
80
99
92
94
85
94
90
113
114
88
88
88
91
95
85
125
88
93
92
125
86
95
90
90
92
92
87
125
82
93
81
93
88
92
91
95
89
107
93
96
88
94
93
91
87
96
90
93
90
87
85
93
91
132
141
101
90
94
94
85
90
114
85
112
94
93
91
98
90
88
88
172
92
92
91
92
126
95
90
89
88
89
93
93
130
88
94
92
89
87
94
96
88
91
83
94
86
81
93
93
93
106
99
93
88
92
84
87
95
94
85
89
93
88
90
89
86
88
92
90
88
142
84
92
82
92
94
95
90
90
85
88
94
90
87
94
95
90
91
105
90
87
81
92
92
93
90
90
93
87
95
101
92
92
88
93
92
87
87
88
85
97
91
84
89
91
93
88
99
91
95
93
93
95
94
89
93
98
90
88
90
98
93
90
132
90
91
90
89
89
88
88
95
109
92
90
89
92
91
89
89
96
121
87
93
102
94
110
92
90
95
103
103
111
100
94
91
89
85
93
88
92
94
91
91
97
95
84
94
91
88
83
91
91
91
89
90
92
91
87
88
106
92
89
89
87
88
85
88
89
89
94
92
114
111
94
119
96
93
91
85
89
93
83
95
93
92
96
95
95
91
86
151
92
86
88
90
90
128
85
91
87
89
88
90
88
88
85
90
88
92
84
88
88
89
85
91
88
92
88
96
91
87
99
84
95
86
93
84
93
85
94
85
92
90
94
90
86
88
95
93
90
86
105
106
94
92
86
92
92
87
85
94
90
89
85
90
98
89
85
172
103
101
88
91
96
84
91
93
93
88
95
103
99
93
103
89
89
97
96
92
90
89
89
109
89
88
90
91
88
127
93
92
90
98
96
94
92
90
91
119
92
91
90
89
88
89
87
92
92
91
87
88
86
90
89
116
87
95
91
90
92
90
88
88
93
87
86
106
92
85
95
89
91
94
88
87
87
84
96
95
96
94
98
90
93
102
86
88
92
142
155
117
89
109
91
91
95
97
87
88
93
86
87
93
96
89
91
92
89
94
114
127
92
92
89
90
85
95
88
90
88
92
83
89
97
88
86
88
83
82
98
89
93
92
94
92
93
96
91
86
100
118
101
196
97
96
147
93
84
91
90
95
86
85
83
87
91
89
94
95
103
92
92
93
84
96
100
89
85
96
84
98
89
82
105
87
107
116
83
85
86
96
134
99
90
134
91
104
91
93
93
89
91
90
89
115
91
94
86
90
89
89
96
92
85
95
82
91
89
107
95
110
149
96
93
98
88
94
92
90
84
88
86
91
86
85
90
93
89
89
86
89
90
88
87
91
113
87
87
90
85
90
90
80
89
87
88
88
83
90
83
92
82
104
93
94
93
93
86
95
89
153
86
85
96
85
93
89
90
88
96
88
93
86
87
90
106
92
94
92
97
93
101
91
106
103
99
87
88
86
110
86
96
92
95
91
89
155
94
95
105
87
107
91
90
92
120
90
104
90
90
101
95
95
88
92
91
92
89
109
92
89
92
93
90
94
85
90
89
90
84
165
92
87
89
94
138
102
89
94
149
98
93
92
90
89
107
93
92
93
91
118
96
90
92
110
87
92
99
123
93
92
91
108
95
102
89
90
107
92
107
90
92
87
92
85
90
93
86
86
87
94
87
86
87
90
93
91
96
89
87
102
89
92
90
81
88
107
141
83
90
91
87
84
98
87
84
87
89
165
88
126
86
133
90
93
94
88
83
88
91
99
91
87
90
88
90
93
104
153
91
101
90
91
88
90
87
89
90
93
87
95
88
88
87
140
92
87
92
88
93
90
87
92
87
92
87
88
83
84
