202
151
156
164
161
151
145
148
157
147
143
150
164
158
144
159
164
144
142
146
171
145
169
163
196
156
161
207
147
214
147
140
358
145
145
139
214
148
156
144
168
156
148
163
145
165
135
155
154
241
147
151
204
163
166
160
158
197
140
163
157
158
158
147
145
154
156
161
154
143
166
157
153
173
163
159
161
160
145
166
153
150
147
158
158
151
150
142
162
148
145
161
164
156
167
161
177
170
167
157
135
170
142
217
140
137
142
145
124
183
142
130
131
204
142
215
131
142
121
206
135
132
135
136
131
122
125
136
164
133
112
137
136
169
135
136
129
188
122
122
133
126
127
164
126
159
137
232
124
225
146
143
146
153
139
138
148
152
150
145
136
146
142
131
235
144
136
150
143
146
131
148
141
151
138
152
168
153
149
147
143
133
142
147
158
158
145
140
145
151
143
157
140
134
138
165
153
159
139
150
139
145
142
130
140
141
139
153
126
131
136
117
117
215
139
137
144
125
129
136
139
128
127
130
132
129
127
125
456
123
226
157
128
136
119
120
157
171
133
122
133
129
133
130
129
122
128
130
127
127
151
135
145
140
187
130
142
177
133
141
143
128
132
138
132
130
131
147
120
136
137
142
136
126
130
129
127
125
132
134
172
132
139
143
146
129
142
135
171
135
145
125
140
138
125
130
162
127
183
139
159
142
158
155
148
137
129
142
190
143
162
150
145
172
146
151
149
149
141
132
147
144
135
146
147
134
141
146
177
129
141
152
148
152
194
144
187
145
147
136
145
147
147
181
135
187
141
146
146
146
145
145
170
149
145
147
134
136
130
149
143
163
161
138
149
138
153
149
138
131
142
146
133
146
143
156
153
144
141
135
164
141
129
139
134
149
143
187
145
137
150
152
142
148
145
149
139
136
138
151
145
152
145
146
156
159
145
140
138
147
142
149
138
147
135
146
155
143
151
174
149
150
215
136
228
152
145
138
239
146
147
142
136
145
150
144
135
140
148
150
149
150
141
151
187
134
136
145
137
148
139
137
145
166
155
150
174
139
142
149
144
146
140
224
148
142
142
140
151
141
163
136
145
149
149
134
168
139
150
135
169
139
146
139
135
149
145
147
145
307
144
206
142
147
176
140
160
143
153
152
145
156
158
186
139
151
148
148
141
144
146
145
145
144
148
143
151
147
227
144
148
131
137
152
136
146
137
160
148
151
148
143
150
164
151
151
139
157
154
148
148
150
197
151
150
147
166
136
142
154
162
159
146
151
147
157
138
163
149
145
131
130
195
147
148
139
131
148
137
145
148
160
149
140
144
172
146
148
149
131
139
140
140
136
135
139
148
144
131
146
134
148
145
143
132
142
148
173
143
142
133
200
147
134
181
142
129
147
138
132
146
156
147
133
143
148
149
141
134
142
146
136
131
157
145
144
132
145
147
139
137
136
131
173
132
211
132
154
149
154
146
142
139
145
137
134
135
153
136
137
176
149
162
170
145
145
148
159
155
149
142
140
166
168
137
201
228
163
163
147
151
147
150
135
147
149
172
151
136
146
145
148
140
157
136
144
139
170
151
150
147
140
150
139
147
139
143
140
140
149
147
145
132
148
145
145
134
147
149
137
157
150
142
137
152
149
146
144
146
154
145
150
139
145
140
154
143
158
143
143
140
148
145
148
145
145
145
147
137
131
183
140
187
144
135
146
145
141
148
147
171
169
194
134
184
150
146
146
148
160
139
160
159
138
140
138
149
131
138
145
140
134
140
153
132
143
141
157
167
141
141
144
139
133
144
136
138
158
139
150
145
145
142
142
140
137
152
135
148
127
178
170
150
148
147
163
167
149
146
144
141
147
162
178
144
141
140
150
148
149
134
144
146
151
148
152
139
154
146
205
141
153
147
143
146
138
144
148
145
150
142
138
190
144
204
148
126
152
145
134
147
143
193
139
197
132
145
144
204
199
144
144
131
149
137
144
139
155
165
147
140
172
136
133
142
141
145
140
143
143
146
148
145
142
141
155
133
143
148
131
152
143
161
148
144
142
139
151
154
143
151
158
147
135
141
150
130
150
159
189
143
150
142
150
162
145
147
149
145
134
142
145
137
148
175
206
189
148
149
138
155
134
142
146
151
145
140
160
139
175
144
229
161
140
178
148
149
142
136
199
144
143
148
137
140
147
129
138
146
140
150
132
145
141
141
137
142
145
148
142
146
136
141
144
149
147
147
148
140
142
124
152
144
145
147
160
146
146
148
146
148
141
147
141
149
143
151
249
152
153
158
147
136
149
131
147
145
164
134
133
138
161
147
154
154
159
139
139
146
150
137
148
153
141
145
142
145
135
140
152
141
138
146
190
137
143
138
154
168
143
152
143
153
153
141
169
143
154
151
138
145
138
152
178
157
137
138
149
196
144
136
141
138
172
138
201
140
134
141
142
137
146
140
150
145
177
151
147
200
134
151
149
150
140
161
129
140
145
165
149
146
175
143
141
147
141
146
143
144
142
