215
220
220
230
258
231
232
223
238
216
222
206
222
226
294
203
265
184
223
197
224
206
230
205
202
229
213
205
218
335
223
221
219
225
344
208
222
220
215
202
203
212
220
239
218
217
343
196
214
230
190
211
215
232
222
205
210
213
235
217
225
190
221
239
202
212
217
219
220
233
226
251
221
208
222
239
221
218
219
227
241
223
222
217
227
234
230
225
202
217
243
198
340
203
202
303
188
227
184
224
206
192
180
181
183
187
178
188
187
190
160
182
177
178
166
164
177
189
182
188
193
170
248
168
178
184
186
175
180
197
183
183
181
194
181
200
195
292
172
176
186
194
172
190
197
171
193
202
165
191
202
210
212
197
201
210
212
210
194
191
207
206
196
208
215
200
213
206
195
198
210
213
198
183
205
220
192
222
197
212
215
213
189
214
204
225
198
215
209
213
192
217
211
204
207
241
210
202
290
206
194
189
164
238
162
199
238
184
165
194
248
168
197
216
174
250
196
219
188
170
192
196
239
191
193
174
176
258
188
195
176
194
182
186
295
190
191
184
170
170
174
169
260
156
195
153
193
193
179
183
191
218
193
205
200
206
170
408
167
188
176
172
170
210
192
188
188
206
212
192
192
189
178
219
192
179
199
199
177
193
168
189
195
180
187
190
187
233
187
182
172
169
279
209
169
241
199
169
178
186
199
250
203
210
208
209
203
205
204
232
208
261
199
213
207
205
211
206
205
211
197
208
212
210
210
192
209
193
201
196
252
186
200
212
205
212
238
209
203
193
200
186
211
191
197
195
210
196
242
209
214
198
200
185
261
204
221
202
201
197
200
224
194
208
181
203
234
201
264
299
192
195
199
196
208
285
270
191
218
209
182
271
232
189
203
213
200
193
178
202
196
198
193
183
192
185
173
199
198
207
207
205
199
222
196
218
211
227
207
202
280
206
198
202
189
207
206
209
207
206
241
203
193
203
200
204
196
211
204
202
206
183
206
213
188
206
196
227
207
269
207
208
203
197
210
191
269
264
195
217
194
245
198
181
189
201
191
201
193
207
200
181
200
192
189
198
208
204
207
236
206
183
201
203
204
257
188
201
203
200
201
195
230
189
230
205
192
184
210
223
198
232
212
210
209
203
201
199
206
219
205
212
213
210
204
197
215
218
189
211
176
208
202
212
237
198
234
201
209
186
198
175
208
207
200
196
184
202
202
208
198
189
212
195
202
199
542
198
207
199
201
193
214
206
189
194
178
185
198
206
203
209
208
207
194
188
277
180
222
192
203
209
199
215
206
212
183
245
209
206
195
198
206
193
205
219
194
204
189
209
199
189
205
206
194
228
208
222
201
219
202
205
224
218
202
203
257
206
193
206
194
261
207
210
213
189
206
209
199
271
201
816
190
200
306
197
198
201
201
263
227
187
191
209
203
262
188
206
193
182
250
177
238
183
206
218
202
209
207
200
177
208
201
220
194
206
199
195
201
196
199
211
204
214
201
206
219
205
243
211
197
203
205
208
206
201
207
199
188
204
204
205
219
203
246
177
204
205
209
195
278
209
202
284
197
222
201
203
187
207
194
289
203
208
239
209
249
198
194
222
216
225
206
195
206
206
209
187
200
205
198
194
206
236
212
217
198
190
231
186
246
201
205
292
204
211
205
199
208
184
215
195
202
208
204
220
222
205
205
295
232
207
294
193
206
219
212
194
203
196
230
204
205
196
205
216
214
206
204
205
212
203
204
204
214
205
219
207
191
226
216
206
207
206
210
247
211
209
202
202
218
206
207
206
195
193
198
206
212
208
197
254
205
272
198
174
200
193
182
262
204
204
195
196
336
184
203
310
187
200
258
218
215
211
202
197
198
189
275
205
213
189
198
200
199
196
232
200
198
206
198
218
194
205
206
194
229
195
205
209
209
220
204
201
204
200
197
218
193
234
206
203
200
206
207
208
200
206
205
206
232
201
230
215
189
305
196
199
255
201
205
184
201
186
184
206
200
202
202
196
201
203
202
208
209
206
181
203
193
225
201
184
206
210
195
203
197
195
227
193
270
192
203
199
198
199
206
189
188
205
199
179
202
255
215
209
212
203
198
206
278
175
210
197
201
265
199
200
280
212
181
204
216
196
206
182
199
203
203
194
204
200
198
205
203
198
191
182
181
189
210
201
193
199
277
199
204
240
216
204
210
191
273
205
200
305
202
212
260
258
200
202
207
198
283
203
206
205
202
188
230
204
206
203
209
205
202
203
185
204
238
204
201
199
201
186
208
258
187
214
199
248
207
209
203
201
213
207
221
231
219
258
273
185
205
200
190
207
195
194
214
179
243
212
226
199
238
211
208
208
205
206
208
230
240
195
208
198
206
211
213
211
242
202
194
259
209
203
195
196
183
206
210
207
311
199
209
195
184
237
219
189
190
203
220
201
205
206
203
196
206
226
196
205
182
202
204
475
209
206
186
197
253
184
324
200
210
242
196
283
204
207
176
205
210
207
235
205
196
196
