275
290
298
272
277
285
274
285
352
292
295
420
281
278
282
253
250
274
277
234
234
262
299
259
259
305
276
252
301
273
271
278
290
268
239
296
304
456
359
267
286
287
282
288
344
276
283
287
259
306
320
309
280
302
281
281
306
292
318
291
285
304
862
302
325
296
330
297
285
352
318
286
287
297
252
290
262
261
289
263
287
265
315
275
275
271
283
347
291
293
291
274
258
285
250
252
292
279
276
274
386
250
243
248
245
298
237
301
240
252
251
261
244
250
230
255
251
237
289
240
253
235
249
236
242
247
296
275
277
351
204
233
281
238
238
238
344
247
310
246
231
215
248
243
280
267
253
243
215
232
274
280
270
277
279
282
325
287
313
457
263
269
262
262
270
279
343
343
266
238
249
260
272
273
271
268
256
254
278
281
255
270
266
233
273
303
257
279
270
260
273
264
237
269
259
274
247
280
419
364
276
269
264
241
308
211
241
241
241
292
293
341
239
242
299
247
291
239
298
246
244
336
242
244
234
211
295
235
221
207
239
240
234
218
241
261
254
230
216
256
254
246
234
256
249
338
269
251
254
250
232
233
233
252
246
237
252
207
244
251
306
279
237
416
248
255
365
240
239
257
261
279
269
260
263
258
254
266
266
258
255
370
240
266
250
249
247
251
288
281
248
252
343
275
250
244
244
242
329
239
296
307
339
270
266
419
261
282
263
305
274
258
264
246
268
266
269
351
263
296
265
273
263
355
316
267
264
248
278
329
325
342
270
252
266
277
251
280
266
277
259
266
265
263
276
275
268
265
266
262
263
263
262
241
263
273
242
252
360
268
240
273
271
363
267
249
263
265
243
282
268
258
263
264
320
327
264
270
264
273
262
267
262
276
270
275
257
259
585
278
251
265
266
265
257
252
255
380
253
249
260
257
268
262
262
264
266
267
269
264
324
279
265
268
263
316
277
273
306
266
264
303
278
256
278
267
266
284
263
267
287
232
254
261
268
298
241
244
256
267
253
281
265
273
303
259
262
339
254
229
289
290
262
234
258
276
269
269
266
267
304
250
264
267
254
257
269
247
348
273
262
285
272
234
278
273
265
276
256
263
264
245
527
281
233
328
256
267
348
255
250
268
259
265
265
254
269
264
284
290
270
264
269
359
285
267
246
278
264
264
243
292
261
255
334
242
259
261
259
300
266
260
270
256
368
265
237
279
264
319
267
330
271
319
241
256
259
292
268
253
263
284
263
281
267
243
239
259
259
270
256
253
295
281
265
260
260
271
307
274
268
278
232
271
247
258
258
273
235
248
243
276
280
320
231
349
273
271
266
254
321
270
231
266
261
262
270
266
261
310
256
276
291
254
278
367
263
269
301
344
258
239
258
247
276
267
495
280
256
244
254
360
249
268
271
260
261
260
258
325
259
264
260
261
270
259
264
276
230
265
242
263
258
287
271
272
257
261
265
244
392
265
287
270
262
262
227
230
286
264
264
275
264
267
268
263
272
267
260
240
257
363
259
228
365
242
247
263
288
267
264
267
248
251
271
231
313
266
264
263
250
266
264
269
285
267
264
275
264
267
261
264
258
252
272
265
383
286
263
264
263
291
271
280
242
285
270
272
267
240
356
271
235
267
264
283
261
274
270
264
256
266
281
269
261
341
265
256
256
263
261
269
259
249
261
260
262
381
241
236
265
267
347
263
244
265
259
266
248
268
270
265
282
291
263
277
261
262
264
262
260
263
368
280
263
262
265
264
264
267
266
294
264
264
262
266
298
242
250
273
261
329
257
321
286
263
260
265
260
265
262
263
751
273
315
282
257
261
279
266
291
316
284
280
319
280
294
266
263
276
260
232
260
283
357
262
265
264
257
261
262
272
402
265
258
285
268
243
258
252
233
260
262
257
265
306
260
262
250
259
258
263
274
240
317
256
270
266
254
282
263
272
265
338
228
261
262
265
262
235
316
248
246
353
242
262
390
267
266
257
263
273
266
280
323
260
264
242
276
228
309
267
283
264
277
264
350
260
271
272
282
259
269
268
362
338
267
257
236
225
302
262
261
261
263
249
295
263
262
262
260
283
256
271
298
253
271
276
233
261
274
265
269
262
260
263
261
250
348
350
271
370
263
230
385
246
291
368
277
259
246
266
261
263
248
266
289
244
262
344
240
261
285
260
244
262
244
264
265
271
316
281
264
363
257
273
268
230
340
268
259
243
249
249
264
273
266
361
298
266
263
240
352
248
280
262
296
264
305
256
334
229
303
270
274
314
266
251
244
266
248
259
272
302
257
286
263
237
226
277
271
270
259
262
262
252
247
261
276
261
267
232
263
278
269
324
288
266
264
247
259
341
262
250
275
244
266
265
271
269
263
275
263
263
232
265
266
265
259
263
268
265
271
263
276
266
345
274
267
300
265
264
297
279
238
270
234
254
259
757
260
264
319
280
253
234
262
245
272
321
240
297
265
267
297
270
309
268
269
264
273
248
268
303
279
247
236
268
265
264
