352
349
345
404
393
347
353
348
385
312
376
351
359
372
355
397
398
403
418
386
418
414
330
376
414
348
356
377
345
349
304
356
303
371
374
340
307
367
349
363
500
385
456
330
350
323
352
363
345
358
402
342
346
370
368
358
371
355
325
342
348
339
342
419
334
326
346
362
367
386
334
351
321
350
337
344
388
339
356
373
335
364
335
361
402
353
350
344
352
360
323
366
513
497
362
481
505
358
494
378
340
290
287
301
347
292
278
303
296
313
432
301
295
317
285
503
306
301
308
280
318
305
301
289
286
334
291
300
279
293
284
283
294
306
304
367
284
295
289
302
378
306
289
294
363
360
323
303
316
425
337
337
370
296
336
390
336
337
344
325
340
340
328
333
351
293
530
379
339
336
334
329
346
318
338
340
340
348
376
624
302
514
366
386
337
335
339
343
348
364
327
396
340
335
370
382
340
306
341
471
299
320
378
333
316
361
288
278
335
312
338
300
340
295
296
309
304
313
298
295
315
290
600
293
292
294
302
302
298
295
350
301
295
256
367
299
335
290
302
305
336
311
301
310
416
308
343
302
319
325
303
298
342
304
313
300
297
382
285
279
312
339
332
316
294
410
292
300
294
330
297
298
338
327
318
313
324
330
328
323
325
357
327
344
389
319
336
323
327
449
317
316
347
323
331
301
337
312
317
355
356
330
400
345
332
465
340
338
333
337
333
326
332
330
338
306
308
328
326
309
336
328
330
444
336
295
334
310
334
331
334
295
328
338
329
327
360
317
333
328
314
393
335
326
322
329
335
325
352
328
332
348
323
337
328
312
327
330
377
318
302
425
324
343
321
354
323
339
332
408
307
313
329
326
377
341
324
320
308
320
364
320
344
369
324
339
358
338
322
339
346
324
342
326
313
404
327
323
428
343
330
334
337
338
327
344
323
326
326
386
305
296
331
306
328
340
297
326
342
329
323
336
327
328
326
351
327
327
339
334
316
335
331
330
324
339
328
351
344
334
323
337
330
328
391
328
334
356
430
328
329
370
328
319
312
328
334
316
305
329
323
327
331
319
350
312
317
287
384
330
381
326
332
554
324
332
374
333
326
446
328
356
317
348
329
321
325
415
301
330
331
330
470
338
334
342
332
327
337
338
372
323
325
327
326
329
319
387
318
326
379
364
304
323
285
329
326
344
338
332
318
357
326
318
309
326
316
321
336
374
542
440
311
310
356
297
325
343
289
399
324
303
343
320
366
367
404
334
404
326
329
400
329
330
409
327
332
410
323
459
361
330
316
330
420
422
327
333
381
343
303
334
334
332
332
327
330
330
329
329
332
336
332
327
332
373
325
389
331
352
327
330
325
327
327
343
374
334
342
327
341
327
319
350
317
331
301
348
309
329
325
335
324
334
348
335
331
344
329
340
330
337
328
357
343
333
338
325
294
329
325
329
324
335
330
333
388
332
322
327
346
334
326
321
424
325
333
347
332
349
366
326
331
341
347
327
348
328
325
335
329
338
323
327
382
327
326
324
332
347
366
326
342
336
338
330
320
326
330
369
296
333
421
330
415
315
324
360
303
374
431
331
325
335
281
377
334
316
336
337
338
322
342
322
315
317
326
361
334
304
328
331
346
325
340
338
324
326
411
472
326
456
372
302
328
321
326
334
356
345
322
325
326
326
330
355
328
323
311
312
378
336
345
341
339
322
330
329
329
365
354
327
343
339
326
300
343
344
330
335
333
327
337
382
327
330
351
296
325
352
326
339
340
320
315
338
309
406
335
314
337
329
321
343
333
392
446
325
447
350
332
403
302
326
531
397
324
336
332
330
328
336
336
449
339
393
374
358
377
322
320
331
315
377
334
342
324
421
333
325
339
353
329
334
394
328
378
321
323
347
390
320
317
354
327
333
378
324
324
405
391
332
340
305
329
394
331
337
324
341
329
372
427
337
326
395
342
327
407
398
324
300
295
330
325
382
324
313
337
287
316
341
305
326
491
326
322
349
310
390
327
334
325
430
340
327
342
398
349
328
320
334
323
325
340
313
326
322
328
338
324
330
310
327
327
448
347
367
379
341
288
334
377
317
322
327
310
297
337
356
327
306
337
323
321
343
393
329
341
367
421
347
503
370
369
325
398
326
335
376
324
349
355
322
344
338
320
302
341
371
313
304
345
448
360
306
354
328
331
355
397
326
321
337
320
322
372
332
321
341
328
326
337
341
400
497
329
344
306
330
325
334
339
331
303
327
330
343
324
331
332
324
309
339
323
328
371
371
324
336
333
375
343
322
342
312
353
342
334
354
354
334
342
327
332
350
344
328
330
297
316
375
345
340
428
348
324
330
396
334
318
309
323
316
338
334
328
347
325
321
346
350
323
334
342
330
333
296
330
338
328
335
327
335
347
399
329
330
332
311
439
524
333
342
315
332
408
331
341
327
338
348
329
330
353
334
330
343
312
342
368
416
330
332
460
435
345
339
334
343
336
302
332
372
336
308
342
409
329
325
