454
398
446
614
457
532
544
434
398
602
447
516
530
466
434
439
380
438
437
452
451
427
431
429
454
507
514
601
491
451
496
513
650
440
401
440
441
416
439
651
417
436
385
528
382
415
385
420
385
408
430
396
532
440
464
424
444
446
447
450
454
465
400
440
457
460
469
426
427
471
422
428
391
438
378
435
495
509
434
436
798
455
432
543
474
490
426
414
676
477
434
480
388
448
413
476
443
478
509
521
379
383
371
390
353
527
443
371
444
520
357
442
375
377
360
425
408
395
361
363
400
477
363
438
361
395
403
348
320
390
393
513
339
350
347
338
332
339
400
376
404
372
343
506
368
311
386
346
372
365
442
402
483
443
403
520
394
403
394
396
420
413
405
403
407
418
393
405
458
397
401
396
433
403
512
444
474
491
411
382
398
440
390
397
389
445
416
367
391
420
378
399
407
391
389
405
371
391
407
488
378
389
359
334
360
742
371
341
372
475
397
336
382
358
345
464
360
405
419
357
356
386
445
352
406
358
375
348
360
461
337
367
342
358
356
365
363
470
358
355
409
363
369
371
351
375
391
360
391
396
422
378
381
402
375
397
375
412
367
373
460
378
372
395
397
380
393
396
389
380
851
402
415
386
386
377
391
386
453
396
385
399
400
447
384
439
382
419
404
682
375
381
426
403
390
381
438
414
395
414
415
402
405
395
489
428
400
389
391
402
390
398
382
394
408
429
362
375
394
394
372
416
388
409
400
396
407
357
381
374
472
405
532
381
394
411
347
396
387
352
428
393
399
376
351
383
397
397
435
452
395
408
369
393
390
461
405
385
373
394
385
393
380
352
489
453
387
404
464
479
434
375
392
407
353
412
477
353
399
414
474
393
394
389
437
390
387
555
411
391
426
401
419
424
398
402
515
355
385
474
435
397
462
395
395
407
434
398
378
391
377
451
402
399
396
415
393
393
404
483
392
508
417
401
398
394
421
383
381
410
388
400
458
410
390
366
411
389
385
522
353
400
387
399
382
393
394
394
399
404
435
427
352
399
415
405
381
391
437
363
893
355
427
526
399
404
403
572
407
455
395
358
396
411
394
386
433
405
406
411
429
401
397
395
500
450
436
367
397
386
386
438
446
402
472
388
384
394
401
390
391
449
393
387
390
351
447
412
445
401
403
395
352
424
402
400
455
401
402
398
409
524
504
410
430
390
408
431
384
412
413
371
394
665
405
366
387
389
375
391
444
390
444
394
389
388
412
442
534
392
404
404
376
346
394
461
385
395
378
410
380
348
386
415
387
344
391
379
383
438
400
376
376
382
401
399
402
397
395
419
393
398
415
425
404
403
463
407
390
417
395
385
417
393
396
423
387
385
538
408
393
393
391
385
386
392
437
347
352
402
470
400
418
395
406
506
518
464
407
486
470
409
403
391
392
373
404
408
441
411
443
404
391
391
504
400
386
406
397
411
371
391
402
399
412
412
402
427
383
437
474
396
385
400
471
401
394
393
417
358
405
427
378
392
431
395
357
476
461
374
388
412
359
393
392
416
390
415
390
391
396
399
417
401
419
402
394
402
497
421
392
388
387
390
389
405
396
388
393
389
388
412
412
457
382
399
385
402
392
453
389
391
396
385
394
394
444
389
390
461
392
402
401
473
391
388
395
404
392
386
406
400
401
401
400
393
397
449
557
364
388
447
435
386
387
467
361
396
407
361
407
401
391
397
500
373
420
395
418
407
396
454
406
393
431
398
390
463
391
423
353
388
350
480
397
379
405
470
391
395
394
387
391
415
393
393
397
393
405
483
397
403
400
387
361
414
393
427
411
393
399
391
387
439
393
377
402
400
388
387
397
410
386
405
373
406
392
394
436
378
381
394
376
393
464
514
410
402
431
391
440
370
393
405
387
393
395
393
390
391
361
515
366
387
393
387
364
388
409
392
385
373
398
406
395
389
388
393
420
471
363
391
384
439
407
395
393
440
389
395
389
385
399
402
481
391
381
405
543
397
397
395
404
518
486
390
469
426
393
457
405
413
392
407
385
415
394
370
375
402
365
441
393
375
430
394
391
394
407
405
389
408
405
362
398
392
407
395
395
427
393
399
396
386
393
398
394
459
425
404
417
390
389
396
390
390
463
406
393
387
460
394
373
397
391
455
378
390
390
394
386
406
385
388
394
401
386
392
411
398
553
394
391
411
481
439
390
416
542
491
397
399
518
438
535
478
382
388
434
409
397
431
407
408
404
394
387
385
422
405
402
390
364
500
461
518
386
384
386
395
420
400
422
424
391
389
799
416
395
404
399
407
386
434
411
411
375
394
411
405
384
406
467
395
433
394
431
382
422
421
409
407
405
397
430
516
431
513
396
399
400
526
491
440
417
446
507
697
397
346
385
399
395
401
388
395
421
385
395
389
391
393
408
411
405
407
387
397
398
415
380
437
387
399
415
412
413
396
408
406
484
422
424
396
443
394
391
400
406
448
400
480
410
390
393
438
460
407
388
414
