503
474
509
444
473
620
502
546
434
458
511
860
512
478
555
480
489
469
455
497
494
492
636
606
582
561
574
488
541
455
459
470
455
453
468
489
463
608
545
516
489
472
452
505
501
596
462
627
424
504
488
457
502
475
501
468
488
465
542
580
514
460
456
471
506
478
501
613
603
493
483
471
501
467
475
515
483
484
476
494
582
524
508
561
490
516
747
516
495
524
507
470
442
470
471
506
478
537
526
459
636
397
380
411
496
426
371
493
445
384
392
416
409
491
391
426
388
366
413
435
428
366
409
375
339
371
577
501
400
451
578
399
383
350
456
369
383
342
376
365
424
464
457
363
380
399
579
417
461
414
500
494
453
486
474
451
449
504
437
458
442
478
442
402
403
403
556
457
453
820
481
702
536
458
569
475
475
469
466
443
441
689
447
472
521
454
455
465
452
491
521
473
448
444
452
458
445
442
408
450
462
432
434
387
477
489
672
438
478
436
845
511
436
438
432
441
454
542
452
429
433
439
452
376
504
661
421
448
429
453
435
444
435
575
437
479
426
454
456
460
486
444
444
432
450
387
446
437
458
435
465
509
457
500
453
450
445
447
440
450
431
655
522
452
440
443
431
521
442
465
467
450
432
489
545
454
459
443
444
597
441
439
463
471
443
430
440
471
449
451
482
504
462
459
521
573
474
476
454
443
492
461
483
467
561
484
477
503
454
547
528
587
424
484
462
449
488
452
451
480
487
408
487
606
419
459
542
493
577
440
468
457
455
479
544
469
457
459
471
479
527
453
472
455
497
470
445
452
464
497
489
478
460
471
471
457
548
475
429
416
481
604
466
534
456
462
448
549
483
482
452
480
516
450
460
502
459
465
462
462
485
470
456
439
527
454
636
455
480
475
511
494
485
455
503
494
460
462
440
568
491
477
464
462
458
453
492
455
457
465
527
478
467
465
474
535
499
480
509
515
490
484
452
488
473
626
558
505
536
461
458
508
627
466
532
409
407
595
455
484
483
420
417
470
459
555
423
492
468
463
463
618
462
456
456
441
492
475
467
468
462
510
441
448
447
399
464
449
448
449
466
510
474
492
455
467
486
476
480
482
2071
465
493
449
439
529
449
477
514
484
571
549
501
504
497
471
498
455
414
407
446
473
564
492
471
453
482
463
552
454
481
454
524
482
510
469
553
496
463
480
486
449
492
463
470
449
593
507
519
466
454
482
470
475
466
503
465
476
487
457
493
453
471
561
465
462
484
519
472
457
528
588
477
465
495
465
471
472
474
456
499
461
475
464
425
464
527
469
583
495
498
553
466
529
488
479
465
471
475
497
487
482
497
471
463
477
486
489
470
461
464
473
485
470
534
471
453
481
465
465
455
478
526
468
507
475
421
452
450
517
505
454
468
503
462
452
464
494
494
553
483
468
577
493
526
449
519
475
457
402
462
545
496
455
471
509
470
514
466
466
464
470
416
612
535
556
516
565
513
478
472
475
460
470
458
477
495
489
438
460
544
430
495
465
455
447
512
413
489
501
452
489
462
458
422
550
442
473
450
566
429
455
461
498
455
445
505
562
446
476
445
476
453
419
464
509
528
457
476
531
443
644
459
470
441
489
467
543
490
469
471
478
459
466
461
485
584
475
478
467
467
479
459
466
456
457
501
647
468
460
457
531
460
470
639
463
493
414
493
478
524
544
484
462
538
457
428
500
500
454
479
465
477
456
476
455
454
540
471
443
458
436
491
479
463
481
560
472
578
456
462
614
489
459
475
528
517
457
551
461
450
507
472
470
522
476
467
465
477
468
470
485
536
951
486
458
484
463
542
463
492
516
593
532
594
478
580
513
543
454
460
505
541
483
437
452
470
515
488
502
476
462
482
514
554
457
457
622
565
476
438
458
586
527
500
523
480
454
461
460
472
489
486
468
465
537
515
512
518
465
463
465
471
1035
481
460
514
469
480
462
397
465
478
469
419
465
469
449
536
556
496
605
451
463
478
523
527
519
470
559
464
466
472
459
612
519
510
497
543
589
459
531
551
512
550
522
610
794
505
475
477
567
540
453
517
10067
448
455
486
478
467
501
564
530
478
459
543
459
471
453
466
453
596
458
578
465
411
498
464
481
597
456
473
461
463
502
481
505
458
476
505
462
489
441
493
501
498
463
474
486
476
469
457
480
473
471
470
441
580
571
666
422
469
582
463
469
487
491
477
498
459
483
511
618
513
570
589
468
489
476
459
480
496
457
674
457
468
458
464
457
528
461
457
430
463
471
516
456
502
454
465
462
567
477
1124
559
429
563
481
482
482
457
467
468
481
470
486
485
477
480
570
489
471
472
502
468
654
486
506
461
581
480
514
455
457
821
445
461
473
457
496
485
478
469
475
457
436
460
467
454
528
496
475
511
464
467
532
476
487
466
489
482
473
494
577
506
593
512
490
479
498
415
480
525
503
523
501
453
532
473
459
468
465
513
494
482
475
488
466
470
459
442
433
528
459
471
549
482
640
594
