548
592
630
561
566
572
615
569
576
523
567
580
542
577
536
529
545
649
618
570
539
559
542
658
699
684
533
497
540
588
700
588
588
561
513
620
521
550
550
540
616
548
587
508
603
666
641
611
530
555
602
565
595
621
530
671
598
551
598
597
544
568
638
526
571
581
588
539
557
528
587
541
586
639
537
823
548
563
588
604
557
517
543
582
653
587
609
574
622
580
565
555
609
547
543
757
595
556
537
546
514
459
520
470
595
466
490
440
705
463
428
531
433
416
414
482
478
412
450
431
632
443
415
560
585
496
503
682
491
477
543
553
488
421
812
532
410
504
501
416
404
425
531
417
495
418
520
571
635
469
516
558
532
504
499
495
698
547
517
491
508
531
512
589
555
510
511
534
782
575
529
584
638
555
553
613
838
528
513
471
510
528
488
516
613
697
533
569
524
478
549
482
530
527
514
546
505
790
533
498
555
657
500
530
493
517
535
485
624
515
672
493
493
564
539
583
559
487
487
546
526
555
505
581
525
514
571
565
577
545
505
528
512
559
542
545
501
486
492
473
523
452
455
556
517
484
533
541
541
541
512
515
514
640
513
536
495
493
492
520
593
481
476
499
481
499
591
559
599
596
538
485
565
579
521
505
503
501
522
509
635
493
563
509
502
533
529
551
580
523
518
538
618
541
539
600
647
511
520
571
533
558
569
541
549
554
580
666
639
544
556
580
587
552
628
620
577
509
617
569
581
588
573
530
554
611
606
578
623
631
569
617
528
691
608
589
526
526
564
547
557
582
583
576
637
716
616
591
574
512
527
532
516
562
542
565
630
520
558
577
536
546
556
511
542
568
577
611
514
508
557
568
513
639
584
530
538
647
514
550
576
545
524
531
522
716
755
548
613
616
551
520
590
580
576
485
532
552
601
538
595
570
535
549
656
537
579
569
580
575
575
544
546
547
643
539
535
657
650
688
612
724
602
593
570
546
575
606
637
580
550
591
563
572
564
673
672
571
554
571
587
572
565
551
702
580
666
576
656
565
564
560
533
576
591
579
552
585
572
527
605
572
585
562
704
649
562
552
673
546
532
527
545
636
784
640
535
651
692
583
694
571
669
655
605
587
556
564
570
577
618
596
614
612
564
554
608
540
584
548
590
640
633
601
571
570
560
569
622
731
646
675
565
544
504
590
545
606
578
630
582
542
577
527
570
498
540
545
554
558
558
619
522
539
562
564
563
539
567
543
514
555
634
616
629
615
541
625
548
536
563
543
541
640
534
550
552
588
542
570
565
592
660
578
538
603
603
617
617
553
521
573
581
565
480
512
572
533
565
624
710
532
567
610
652
564
626
538
557
546
572
559
531
659
582
553
610
531
741
542
521
568
533
537
603
521
559
598
597
736
576
604
553
601
610
603
627
571
575
588
547
550
823
672
609
677
574
588
563
632
598
584
522
553
657
678
651
543
543
691
730
669
563
532
649
574
544
616
749
698
547
555
564
554
501
531
551
610
598
558
552
624
711
564
561
529
592
509
560
591
618
568
541
542
559
613
557
592
623
613
682
625
556
570
570
519
592
565
552
602
669
611
572
558
660
729
588
578
568
739
806
554
558
595
629
587
580
690
590
599
560
520
772
685
593
589
573
566
651
650
616
660
566
576
593
593
589
685
702
580
603
589
596
561
639
595
558
526
572
564
535
589
572
550
517
523
542
561
614
567
601
617
642
591
546
599
550
573
553
598
659
537
514
549
561
551
551
549
612
711
523
716
622
663
584
571
587
576
595
560
536
576
531
825
608
615
616
549
573
733
554
564
597
665
562
568
488
568
621
642
526
523
600
564
599
681
552
776
592
554
685
611
720
591
731
531
532
767
569
575
562
605
608
549
535
841
534
539
539
534
599
719
563
582
539
525
542
682
478
526
554
565
669
748
571
533
558
534
562
592
525
540
575
532
523
577
541
588
514
649
584
547
642
539
537
608
607
634
552
644
582
603
626
1590
572
546
559
679
588
645
555
524
564
731
602
936
580
808
594
556
571
528
586
624
563
563
552
539
583
549
766
538
579
547
559
640
553
558
586
672
566
602
569
538
592
590
618
611
560
618
597
613
560
637
690
538
594
569
575
644
1211
736
728
710
558
542
558
570
626
576
564
568
562
564
581
535
636
593
652
654
673
599
586
619
663
595
599
588
568
547
585
684
711
555
613
594
506
560
532
560
547
586
581
602
650
659
592
539
615
780
552
604
540
645
540
569
514
558
533
509
563
588
555
703
512
769
558
543
503
545
567
607
575
540
559
558
568
641
635
562
624
563
494
509
583
562
534
564
675
647
551
527
594
695
537
577
558
525
520
712
577
577
608
586
541
541
574
607
580
600
567
706
578
610
585
541
582
601
690
737
634
569
636
711
818
537
568
639
553
539
634
655
605
574
575
571
559
601
585
554
609
562
626
655
642
617
596
604
629
772
626
624
695
627
600
693
621
613
538
590
626
549
543
640
594
682
563
541
578
553
