84
56
50
49
49
43
49
79
44
45
51
44
45
44
47
43
49
43
72
43
100
42
43
45
49
43
43
42
53
47
73
45
46
48
43
46
53
53
41
51
46
46
47
44
43
51
43
43
47
48
46
44
45
44
45
44
47
45
49
45
55
44
47
47
49
43
47
46
45
43
47
47
45
47
47
47
46
48
61
58
49
46
43
44
43
42
48
47
46
55
76
49
48
47
43
69
47
43
43
47
41
42
41
44
41
34
34
43
41
36
34
38
33
41
37
35
36
40
40
34
39
47
38
33
38
35
39
52
33
39
40
36
38
38
37
41
36
35
39
33
39
35
43
35
37
37
37
38
35
39
50
46
48
47
47
41
40
47
48
40
43
44
48
48
44
74
44
46
44
76
45
45
46
52
45
118
44
45
42
48
43
46
43
46
43
43
47
41
44
45
47
62
47
44
46
66
46
47
45
45
44
43
44
50
43
41
39
37
41
39
41
37
39
44
51
39
40
43
41
41
41
41
80
39
40
41
41
36
47
48
49
39
46
37
38
36
42
38
63
43
362
42
48
40
43
40
40
41
40
42
39
40
54
36
47
39
59
36
34
54
37
37
35
38
34
38
36
38
39
39
42
39
114
37
43
39
88
37
44
43
39
55
40
41
43
38
41
43
44
37
38
37
39
39
41
40
38
41
43
41
48
112
40
43
46
39
45
37
51
41
41
41
40
43
43
39
42
39
46
42
43
41
45
41
43
45
43
40
41
57
43
53
44
42
44
43
42
45
45
45
45
42
43
43
40
44
43
42
42
40
45
45
54
53
52
39
45
39
62
61
43
41
42
45
45
40
41
40
42
40
41
41
41
39
41
39
41
38
40
40
40
39
41
41
51
45
43
39
41
42
40
40
43
41
39
62
45
74
41
38
45
45
44
42
41
46
44
42
44
41
40
38
42
44
55
38
40
43
44
40
53
41
40
44
50
42
44
39
43
46
39
42
45
43
43
42
40
43
44
42
43
40
42
50
48
46
43
44
43
41
42
39
43
42
41
44
41
74
41
47
40
43
42
42
43
39
41
43
44
50
45
44
46
42
47
43
42
47
42
46
43
46
49
57
43
58
43
43
62
41
43
42
99
42
44
43
40
50
47
45
45
42
47
45
40
40
41
45
52
42
42
42
43
42
41
61
41
40
40
41
42
44
42
45
40
41
41
42
40
42
43
41
42
40
39
48
42
45
45
41
41
44
40
41
39
42
39
48
46
42
45
45
44
40
45
44
40
45
69
43
40
45
46
43
42
54
43
41
42
42
48
39
40
41
43
43
45
40
42
43
40
44
44
42
42
47
41
40
51
47
44
43
43
44
41
41
42
41
48
48
48
45
45
45
42
49
45
43
42
42
45
43
41
43
43
58
44
47
44
44
42
44
44
43
44
43
45
44
42
45
45
43
62
45
46
43
50
45
61
45
56
48
45
45
44
44
46
45
42
44
43
44
58
40
44
40
40
44
42
47
46
51
46
45
57
45
42
38
41
45
40
42
41
44
42
43
57
42
43
63
42
43
42
43
44
41
56
42
44
42
42
54
43
41
40
40
41
42
41
42
44
60
41
42
38
44
44
45
46
42
45
44
47
45
42
45
43
90
46
43
45
45
47
46
43
47
46
45
45
47
45
45
45
46
46
47
46
50
45
45
41
48
44
42
43
42
41
42
41
39
44
39
44
43
47
41
42
41
59
46
84
51
44
41
43
44
41
43
40
42
42
40
44
41
42
42
41
42
51
41
42
45
43
41
39
42
43
42
48
41
40
44
41
71
42
42
44
41
41
43
43
43
48
52
45
41
42
42
45
41
41
40
42
43
49
43
53
42
44
43
40
41
41
43
41
49
43
40
39
44
41
55
51
53
47
45
46
52
49
68
46
47
45
44
45
46
49
45
44
45
42
41
40
41
43
42
42
41
44
42
42
48
39
41
131
42
41
44
42
41
40
43
42
43
44
43
41
94
43
41
41
55
42
43
41
44
44
42
43
41
42
42
39
46
40
53
49
50
53
60
47
42
41
41
41
40
41
42
44
47
40
40
38
41
42
47
39
43
42
38
39
40
46
50
52
39
45
43
40
42
41
43
53
45
43
45
58
50
45
46
44
46
46
48
49
39
41
42
44
39
48
46
76
59
44
44
45
42
60
44
40
42
43
44
46
42
41
43
41
41
40
46
43
42
44
43
41
40
44
44
41
43
40
41
41
41
44
44
43
41
41
43
41
42
42
39
48
49
47
42
42
45
44
45
39
51
45
44
60
43
42
44
48
48
43
40
41
41
43
41
45
41
41
41
41
44
41
44
41
41
43
41
43
39
41
40
40
40
45
45
44
45
45
71
42
45
40
49
49
45
135
41
61
44
41
48
57
40
39
55
41
42
43
41
45
41
44
44
73
41
45
42
42
44
42
42
43
43
45
45
42
44
59
41
43
47
43
45
39
42
39
43
39
43
42
44
38
41
44
48
