682
579
597
768
947
597
705
637
957
722
731
663
595
713
680
662
646
712
625
667
612
599
688
591
579
574
603
710
653
607
610
587
586
615
755
692
632
656
581
571
677
727
607
586
589
604
583
622
669
688
608
643
666
607
726
606
677
650
586
1406
618
599
767
597
672
611
883
668
608
672
708
711
705
647
604
648
585
602
746
731
657
797
709
617
689
634
615
734
623
601
597
645
612
607
609
585
588
615
700
723
505
588
651
513
565
557
530
538
623
561
507
545
820
548
614
561
642
509
583
476
530
508
728
518
521
521
493
524
473
506
539
607
516
535
471
476
466
542
503
505
510
583
553
501
811
489
456
524
449
503
616
596
591
549
572
586
725
692
697
989
585
570
554
647
548
615
625
607
620
606
578
589
596
608
564
596
555
532
590
552
583
569
614
604
662
605
629
645
663
616
574
595
576
602
621
715
649
572
600
606
652
634
582
903
619
592
600
610
607
633
684
652
586
678
613
623
617
664
649
620
644
665
610
619
593
658
714
565
573
575
600
584
664
634
692
587
580
642
621
590
658
753
595
643
672
613
618
580
645
615
617
632
717
678
602
569
556
583
624
598
650
686
722
601
881
874
591
665
665
621
504
641
759
628
632
611
599
676
682
693
680
680
663
681
669
677
654
581
599
598
583
606
536
700
590
598
596
659
650
647
641
628
631
607
1310
659
658
655
619
621
632
659
670
625
630
630
589
615
678
811
598
605
608
576
604
647
633
742
670
632
601
657
649
646
612
615
629
677
667
643
602
673
652
567
636
626
532
667
587
620
564
616
792
555
588
689
634
657
572
557
597
635
578
609
646
637
693
675
699
656
625
656
606
654
568
748
638
582
600
580
607
591
598
593
567
702
639
622
659
630
828
594
630
619
706
591
646
619
634
628
646
647
725
639
655
656
644
693
699
1009
648
655
616
642
745
732
665
658
652
766
629
620
649
654
596
656
878
762
605
636
646
637
685
767
633
637
658
675
735
678
680
746
634
647
670
668
629
627
695
745
616
684
625
675
624
702
705
637
662
707
811
616
830
797
642
658
628
634
613
637
671
624
726
617
643
590
682
643
677
619
706
642
610
616
635
637
631
696
669
673
756
618
653
648
652
778
638
646
650
660
670
629
623
607
641
625
611
558
733
642
585
623
1066
628
688
632
613
606
628
999
639
622
662
606
649
658
634
614
618
601
695
647
624
604
974
657
618
1693
610
677
615
686
727
650
644
615
691
664
602
645
639
618
662
636
634
592
635
811
773
620
614
719
700
646
668
665
681
674
726
614
621
626
627
668
951
610
674
821
737
714
601
666
646
635
790
756
726
643
614
644
734
683
634
617
729
649
620
615
649
674
653
662
655
655
666
780
648
703
637
752
771
639
673
701
702
697
626
613
973
796
572
591
659
638
645
618
672
647
649
703
1394
909
659
661
654
711
589
734
661
741
690
753
633
674
579
661
666
636
603
701
830
676
631
648
669
662
699
650
689
645
740
642
625
632
639
641
750
616
605
713
662
651
629
680
643
641
643
620
584
1192
626
706
622
755
679
680
640
641
648
622
623
616
628
657
636
641
586
679
666
659
674
624
665
665
736
624
640
594
626
633
649
689
600
662
602
658
619
650
627
609
618
640
652
596
626
630
701
637
662
641
642
624
690
669
609
600
642
577
605
620
644
641
649
611
660
670
761
682
579
625
570
641
640
628
633
567
618
579
597
599
624
565
628
609
588
651
596
621
598
670
669
651
676
687
623
603
674
556
598
626
729
666
590
629
588
549
620
657
601
710
636
623
549
616
589
601
690
646
708
590
707
620
707
659
623
639
644
585
611
664
643
629
778
745
627
655
609
834
653
622
587
651
657
797
639
606
673
611
642
675
704
638
664
648
654
1050
632
659
646
754
616
578
705
630
626
812
591
599
582
574
691
614
588
617
622
742
632
648
733
665
627
647
647
647
647
569
628
563
648
714
638
642
661
611
675
575
643
636
673
610
583
704
713
599
654
586
602
619
605
667
584
725
676
613
631
757
834
682
649
638
611
1009
900
588
692
625
622
745
631
884
745
791
710
679
629
625
703
700
673
709
637
684
677
634
670
583
755
558
581
638
651
608
643
586
629
613
647
608
633
618
675
651
643
754
624
652
621
673
587
656
643
654
639
624
686
662
635
599
595
619
618
640
721
604
598
688
638
667
602
612
622
666
615
652
723
670
694
631
606
679
604
656
626
615
635
622
641
623
646
648
616
622
619
645
644
808
641
622
704
606
681
670
711
629
646
866
878
779
632
636
615
683
678
720
799
709
667
785
677
661
705
597
812
859
678
917
671
785
641
613
626
626
735
616
669
649
775
689
775
698
695
681
705
644
683
768
709
695
699
654
639
656
731
656
843
827
721
680
682
658
710
717
646
719
715
669
761
675
689
664
767
637
652
789
639
690
663
701
672
694
711
640
658
665
618
601
714
697
758
644
612
674
569
696
717
699
786
747
582
617
