500 5836.6 4487 7234 4504 4487 7234
1000 9451.0 8972 10083 8972 9491 9491
1500 20408.2 18972 22440 19579 19579 22440
2000 26520.4 21671 29121 26156 26156 29121
2500 31887.2 23986 35451 31319 34988 35451
3000 38193.6 34307 41132 35272 34307 41132
3500 47448.0 40502 52084 47020 40502 52084
4000 57586.0 47328 65657 56392 56392 65657
4500 73229.6 69011 78369 70853 74187 78369
5000 78586.4 71884 84311 75487 75487 84311
5500 90401.2 76030 107775 76030 96676 96676
6000 97545.8 89760 106172 106172 96512 96512
6500 108100.8 97037 122285 102574 97037 97037
7000 140812.2 123217 160061 132068 151753 160061
7500 151007.4 126894 166632 151323 166632 166632
8000 167912.6 152612 183705 166283 166283 183705
8500 188461.2 177874 201039 179583 201039 201039
9000 195870.6 175981 205607 196902 200147 205607
9500 216467.4 198597 227116 213555 213555 227116
10000 236897.6 227045 254771 227634 227634 254771
