500 16160.4 15579 16703 16004 16297 16703
1000 36503.0 30683 41850 34613 41850 41850
1500 52844.0 47129 59210 51071 59210 59210
2000 67886.4 61833 70688 68583 68583 70688
2500 79599.8 65015 91643 76635 91643 91643
3000 89432.4 82515 93972 86921 93972 93972
3500 84946.4 80091 97313 81895 81895 97313
4000 109480.2 96219 121039 109424 112277 96219
4500 106582.4 95539 117879 107009 109494 95539
5000 113525.0 97286 133710 127033 112035 97561
5500 121115.6 111246 132173 119843 121418 132173
6000 118883.8 107595 130376 113619 126842 130376
6500 131767.2 117783 137530 133159 133432 137530
7000 111974.4 101416 125377 103163 101416 125377
7500 117597.0 109753 132738 111742 111742 132738
8000 109152.0 99500 117862 109057 107062 99500
8500 117663.2 107937 126233 114433 107937 126233
9000 101387.8 89465 117363 117363 109796 95971
9500 99609.6 85337 108927 104664 95385 95385
10000 92202.2 83837 100162 83837 92882 93831
