500 15981.2 15437 16899 15531 15437 16899
1000 30910.8 30601 31709 30691 31709 31709
1500 45402.6 44133 46275 44978 45630 46275
2000 62998.4 58515 78729 58635 58515 78729
2500 75631.8 69913 86344 70869 72936 86344
3000 84177.2 80800 89557 82419 89557 89557
3500 100243.8 95028 112504 112504 95512 97881
4000 109617.6 104849 123021 106255 104849 123021
4500 118080.4 112483 132785 112701 112844 132785
5000 131358.4 120169 140342 129877 140342 140342
5500 132347.2 126497 140014 129310 133314 140014
6000 143479.6 136305 151725 136796 151725 151725
6500 152162.8 141799 167948 146336 147114 167948
7000 168093.4 144884 192363 151944 181204 192363
7500 161706.8 148692 190425 151307 148692 190425
8000 175463.4 164493 204728 168901 204728 204728
8500 187409.6 167049 219592 169721 219592 219592
9000 186676.0 164756 198907 179552 198907 198907
9500 177016.0 168203 200605 168872 168872 200605
10000 190670.8 182580 211306 184217 187581 211306
