500 6747.2 4097 16824 4097 16824 4440
1000 8311.4 8003 8815 8036 8036 8815
1500 12782.2 10869 15862 11586 12992 15862
2000 14717.8 14269 15044 14686 14714 15044
2500 23178.4 19643 26484 22157 24307 26484
3000 22078.8 19826 24925 20429 22228 24925
3500 27950.0 25754 30494 26755 30494 30494
4000 26437.0 24389 29392 25061 24389 29392
4500 32722.2 28037 37543 32262 32406 37543
5000 33423.8 28357 43365 29499 33400 43365
5500 37263.8 32149 39619 37740 32149 39619
6000 39290.8 31490 52727 33301 33301 52727
6500 34162.4 31714 37999 31965 37999 37999
7000 34925.6 31717 44526 32623 32623 44526
7500 33185.4 31855 36290 31967 31967 36290
8000 40747.6 37630 44296 39635 37630 44296
8500 38482.2 31517 44553 34088 41637 44553
9000 32576.4 31300 35341 31646 31300 35341
9500 30374.2 29790 31295 29978 30235 31295
10000 31878.6 29026 35680 29164 32200 35680
