500 20066.8 14969 36627 15560 15560 36627
1000 37282.0 29458 42219 32920 40109 42219
1500 47861.8 42848 51434 45679 49867 51434
2000 63426.4 53071 73050 59053 72102 73050
2500 78991.8 67704 85147 72866 72866 85147
3000 84718.8 72874 98730 74938 83267 98730
3500 83779.6 79508 91455 82246 82627 91455
4000 98082.8 89846 108979 108979 90637 95010
4500 106756.8 98356 121808 109939 98822 98822
5000 123291.0 107049 134129 120032 125485 134129
5500 121005.8 106203 136020 110979 110979 136020
6000 110479.2 101719 120296 103272 103272 120296
6500 114360.0 102652 124665 105745 124665 124665
7000 102895.2 99951 110090 101403 102421 99951
7500 111068.4 99153 134686 121181 99690 99690
8000 113899.2 103924 127388 105071 103924 127388
8500 109909.2 93863 119021 115433 116983 93863
9000 97616.4 87639 104878 101571 92735 92735
9500 99312.4 92315 105641 105641 92315 98385
10000 86764.0 73191 98953 81993 73191 98953
