500 7790.4 4051 18482 4051 18482 6401
1000 8655.2 8201 9392 8202 8939 9392
1500 13044.0 11057 16547 11573 11057 16547
2000 19296.0 16891 21321 17746 21234 21321
2500 21639.0 19548 25189 20775 19548 25189
3000 24283.4 20679 28575 22250 22250 28575
3500 29456.4 22737 35237 27842 29630 35237
4000 28584.8 25043 32016 25297 31475 32016
4500 34491.2 31809 36593 34266 36593 36593
5000 35734.0 30580 41052 31013 35309 41052
5500 38022.0 34639 42383 35616 37360 42383
6000 39548.0 35295 43866 37108 40454 43866
6500 34669.6 31132 42768 31135 36215 42768
7000 37513.0 33031 42511 35323 38056 42511
7500 45581.0 41472 50713 43207 41472 50713
8000 37469.6 32308 42731 33932 42731 42731
8500 41661.6 34073 49734 40078 34073 49734
9000 36309.8 33945 38586 35668 36955 38586
9500 36686.4 33276 41732 34300 41732 41732
10000 35294.4 31941 40345 33310 33310 40345
