500 4755.4 4431 5126 4578 4578 5126
1000 14091.8 9065 26946 14187 9065 9567
1500 18868.8 14867 23784 15702 14867 23784
2000 29055.4 26812 30666 27194 30500 30666
2500 34579.6 32112 36369 34485 34485 36369
3000 41555.6 31568 47349 37341 47349 47349
3500 55646.4 47386 62170 55283 55283 62170
4000 53029.2 47347 62178 47421 47421 62178
4500 61202.8 56303 74198 56629 56303 74198
5000 87554.6 71852 106363 106363 83527 83527
5500 102319.4 94797 113233 105795 105795 95893
6000 99787.4 88243 112858 112858 89676 99679
6500 116933.8 105825 129127 113015 119764 129127
7000 131845.0 113003 142962 127209 133752 142962
7500 145811.2 129516 164163 130242 160703 164163
8000 162308.0 149034 180242 151324 151324 180242
8500 184465.0 162768 221547 173142 178814 221547
9000 185899.2 166147 219487 168928 168928 219487
9500 208910.8 180421 230725 198055 180421 230725
10000 221599.2 201834 237559 202471 231412 237559
