500 19077.4 15914 23899 16423 16423 23899
1000 38961.0 30053 46812 30201 41505 46812
1500 55028.8 47268 59902 48661 59655 59902
2000 69702.0 60542 75546 66279 60542 75546
2500 86709.2 77456 92062 86903 89416 92062
3000 90906.6 82688 97161 90123 90123 97161
3500 108212.4 98235 121898 105994 105994 98235
4000 117134.4 102373 136970 105290 105290 136970
4500 117593.6 109071 131579 111504 111504 131579
5000 146739.2 128623 163094 138439 138439 163094
5500 154718.8 133435 181691 144516 144516 181691
6000 171149.4 155023 195466 164874 166283 195466
6500 176548.2 160985 193061 164916 187622 193061
7000 173081.0 156418 196150 164736 196150 196150
7500 188437.6 163113 221474 165001 163113 221474
8000 188166.4 170901 199150 185264 170901 199150
8500 188703.2 157685 216114 174474 216114 216114
9000 176122.2 161613 197028 166888 173850 197028
9500 175010.8 162349 200060 167555 167555 200060
10000 178894.4 168895 189419 171657 176147 189419
