500 5454.2 3177 13849 3177 3331 3480
1000 7024.0 6627 7289 7000 7119 7289
1500 14523.0 10788 17398 14194 14745 17398
2000 19892.4 16525 22268 19662 22268 22268
2500 23975.8 19080 28914 22176 28914 28914
3000 24956.0 19462 30972 19596 24429 30972
3500 27613.2 23204 35889 23527 28939 35889
4000 28281.0 27129 31285 27143 27129 31285
4500 35127.6 30472 40732 33369 36055 40732
5000 43374.2 37848 49519 40549 40549 49519
5500 43834.2 37589 51548 38699 37589 51548
6000 49038.2 40991 60073 41451 44445 60073
6500 47334.2 44337 50754 45741 50754 50754
7000 56070.2 51370 62145 52287 58834 62145
7500 58314.0 53469 63466 56488 57307 63466
8000 70161.8 56981 84115 64447 64447 84115
8500 77618.0 69841 86302 71964 73761 86302
9000 73233.8 67936 79014 70312 70312 79014
9500 89556.8 75829 109271 75829 81445 93105
10000 89589.4 83294 95679 84044 90103 95679
