500 6062.4 2879 15899 2879 15899 4395
1000 5715.0 5399 6238 5411 5411 6238
1500 8280.8 7251 10850 7251 7799 7828
2000 10020.6 9874 10413 9874 9979 9979
2500 16808.8 11936 23940 12028 14878 23940
3000 19760.8 13808 28405 13923 19092 28405
3500 17185.2 15340 22870 15411 15340 22870
4000 22833.0 19518 25279 21475 19518 25279
4500 26463.8 23586 28502 25705 28502 28502
5000 25219.0 19643 28470 22954 27878 28470
5500 22353.2 20207 25418 20349 20349 25418
6000 25467.8 21021 31541 23858 24839 31541
6500 24349.8 21577 28964 23239 21577 28964
7000 26460.2 22460 28824 26050 22460 28824
7500 24342.6 22400 27763 23243 23243 27763
8000 33075.4 31126 33811 33056 33056 33811
8500 25486.2 22846 27519 24672 27519 27519
9000 26522.2 22574 29848 25610 28323 29848
9500 25788.6 22254 31604 22410 27654 31604
10000 24823.8 22107 26672 24148 25904 26672
