500 13977.6 10777 24803 11021 11021 24803
1000 27258.8 20923 32897 22097 30870 32897
1500 35937.4 31581 40085 31908 40085 40085
2000 46106.6 40394 54952 44306 54952 54952
2500 57936.2 52122 62431 53960 60503 62431
3000 70442.2 64260 79637 67360 79637 79637
3500 81225.4 73809 91348 74739 91348 91348
4000 79369.0 72414 93440 74995 78029 93440
4500 90370.0 82569 98796 87066 98796 98796
5000 95354.6 86063 115637 115637 87441 87441
5500 118464.2 103978 135032 107720 118082 135032
6000 111354.4 101370 127274 104206 114400 127274
6500 117514.4 107291 130364 111325 111325 130364
7000 125086.4 113168 139446 116246 139446 139446
7500 135466.8 125396 144306 129645 138650 144306
8000 138620.2 112515 177770 123934 144316 177770
8500 134978.8 127384 145516 129964 145516 145516
9000 150406.8 142300 159610 144253 144253 159610
9500 146819.2 134878 161839 135140 134878 161839
10000 138595.4 125489 157086 129902 142639 157086
