500 13596.4 11077 18227 11150 11722 18227
1000 26608.8 21402 30102 24622 29257 30102
1500 34149.4 29979 38371 30238 29979 38371
2000 45993.2 41097 52220 44558 41097 52220
2500 52503.2 48381 56466 49142 49142 56466
3000 64092.6 57976 70008 59978 57976 70008
3500 65366.0 57502 76170 60605 64000 76170
4000 70756.4 68406 74021 69093 69864 74021
4500 76888.4 70939 88448 71557 70939 88448
5000 84199.0 78711 89383 80800 84032 89383
5500 81290.4 74390 87997 77770 87997 87997
6000 84787.4 75426 95232 76604 90753 95232
6500 94313.4 88383 101039 101039 90984 90984
7000 85967.8 75028 103404 75028 75028 93790
7500 90352.8 77247 106234 77247 106234 93948
8000 79881.0 75454 85343 75693 75454 85343
8500 83842.6 73646 96303 75638 95422 96303
9000 83101.0 73301 90637 83247 84283 90637
9500 86362.4 77755 89691 85893 77755 89691
10000 79987.2 65684 84909 81073 83599 84909
