8885
11932
12736
10059
9706
8348
11313
8892
8667
8557
9390
8078
8394
8246
8753
8774
10888
10140
9208
9611
8427
8244
11648
10432
10140
7613
8241
7668
7618
8301
7644
7723
7538
8157
7593
8184
7749
7511
7947
7946
8906
7946
9321
7989
7850
7600
8083
7735
8128
7579
7740
7687
7932
8175
7759
7979
8594
9060
7637
7913
8276
7926
10590
11201
8951
9540
8163
9001
7875
7834
8384
7937
7541
8362
7827
7720
7959
10476
13155
11742
7488
7725
7744
7845
7841
7867
7760
8132
7655
7641
7528
7739
7987
7885
8441
7916
7976
7596
8217
8232
7912
9184
10382
8900
8888
7995
7651
7855
7794
9508
12239
12560
12302
12480
12103
12613
10661
8215
9788
10875
12883
8882
10351
11791
8688
11846
12963
13253
12983
10722
11096
9791
9558
10610
8622
8466
9136
9342
9183
7815
10911
13230
12568
12055
12348
12623
12447
12523
11326
12547
12533
12648
13107
13896
13179
14101
12704
8147
7992
8694
8037
9123
10858
11389
12027
12952
12925
13084
10996
10709
10889
11823
7999
8082
7850
7976
8738
9826
10690
12286
11667
12252
12321
11810
8829
8320
8886
7947
10278
13027
11493
8985
10209
9064
8696
8342
7639
7583
7727
7663
