36811
37700
35648
38895
28355
29262
29460
29133
34335
40151
28843
28845
30677
35109
37984
43022
38288
27981
29667
29904
37108
48500
35732
40754
41572
43141
38410
37110
32560
31734
39636
35727
39623
41298
39230
41294
39326
31442
40799
41713
41775
36226
32687
32373
38720
32826
34790
29174
28924
36063
40999
28873
29379
33188
31427
35819
36472
35643
39011
31877
32557
35945
39691
31769
38358
39459
42101
41320
39782
34774
47287
30838
30436
30334
28984
36934
46195
39497
40903
34695
39786
43917
39866
39422
42511
39393
32400
34292
32280
31527
33350
39588
34719
29175
33985
41304
30337
33704
38317
37116
32540
42860
39565
37081
35262
40389
41915
35454
29499
35391
40116
28477
32362
41833
37643
31644
30059
33193
36532
29806
34014
41034
37971
42434
32435
30184
29368
29203
31246
36322
37269
38717
33349
39107
30358
39066
37827
33025
31134
35372
38358
31942
35365
34962
40716
41290
31959
29170
30521
30861
35730
43044
41228
41129
37947
29707
28712
30583
29454
28706
29102
35798
37714
39639
37641
40010
36072
38312
42062
29321
34108
33042
35846
30281
34729
30580
45212
34098
43554
42145
38853
37146
41019
42937
42173
35897
29662
29695
34515
34739
36924
40152
33246
40468
41708
35746
28569
28915
30045
41183
