13200
15037
15079
15251
10968
11880
15450
16874
16425
14527
11314
12082
17584
11990
12079
12660
15306
17297
12919
11137
11435
11290
11071
12576
16690
18507
15701
11993
12108
11409
10899
11332
11517
11571
12072
11072
11103
11516
11043
11864
12523
13607
11024
11723
13077
11941
11137
11055
11136
11475
11722
11494
11961
11882
11270
11392
13295
11839
11480
11324
11297
11627
11402
11491
11616
11916
11275
11077
11432
11088
11926
11878
11712
10995
11526
11140
12045
11148
11043
11695
11415
11476
12958
15261
17612
17397
18205
15512
15510
17706
18004
16956
14076
15767
15287
19690
16069
14201
13389
13234
14598
16908
15159
12661
14916
11520
11396
13119
11807
13047
15867
15548
15772
15730
17008
17740
16829
16810
15889
11309
11681
11824
11797
14334
11836
11095
11873
13027
11911
12077
11429
11183
11597
12295
12168
16964
13106
12782
16835
16527
14597
16121
13315
11228
13220
16847
18433
18036
12512
10924
11682
13406
13801
13061
11308
11604
20055
11969
11758
11501
12312
15619
15843
11156
11040
11436
11501
11235
11311
11208
14847
11493
11885
13375
17458
17429
18288
18068
16891
15201
11180
12266
11272
11587
12131
11755
15176
17241
15727
13747
13325
11889
12849
17090
17521
18675
18259
17446
17917
18368
