23469
22471
22399
18530
14956
19069
20676
19166
21932
21755
18172
15029
17272
17102
15436
17057
16049
17967
20382
17047
17051
15485
15879
14819
16440
18305
17280
15444
15492
14177
14862
14599
14486
16507
14793
16974
17337
16792
20867
14356
14881
14178
14619
14564
14107
15205
17110
20406
15409
14897
16616
16735
16478
14842
14151
14457
14945
15221
14146
13767
14835
14516
14829
14213
14182
14534
18974
14486
14385
14127
14443
14501
14529
14319
14234
16913
15390
14277
17454
21303
21146
14705
15065
14572
20471
19813
21864
21939
16666
15285
14581
14237
16161
19299
14597
14339
14208
14249
14439
15195
14456
14961
19376
20789
19132
21597
22488
22208
20533
22123
21182
20571
19701
15604
16712
23006
23501
21169
17129
22419
21723
14733
15123
14203
14390
14527
14722
16342
14172
14594
14040
14282
14108
14923
14634
14120
14909
21095
19299
16709
16310
19817
19878
19029
15414
14833
15243
21011
14281
15072
16040
15672
14698
15097
14115
14900
14254
14812
15742
14843
14481
15759
15531
14303
14461
14273
14747
17680
17590
18485
13995
14672
15124
15034
14452
15926
15260
14867
14781
14841
14125
14391
17913
20828
14382
15594
21287
22001
14382
17813
23391
20563
14204
14265
14409
16863
18050
19273
19460
17977
