21062
18011
18198
20987
19628
19813
17265
16847
18561
19427
17101
17460
17319
19246
21481
17374
18643
17942
17127
18157
16518
17479
19554
25966
18897
17347
18105
18383
19130
20458
19186
17741
20082
18526
21853
20462
20447
17266
17255
16758
17052
17739
17565
18345
19118
20899
20570
24625
25204
22779
17208
19086
19794
19655
17949
17927
20346
16725
18828
22029
19324
16940
16857
17140
18462
18297
19794
17772
17261
17060
17650
17808
17094
17594
17322
18938
17882
17588
18497
19570
17672
17268
17560
17296
17208
16963
18017
17708
17042
17530
16913
20144
27044
27055
19974
17462
18488
25962
20520
25524
25595
17409
20983
25297
17459
18007
24920
21238
17099
19236
20565
17879
17692
17431
17962
17575
16817
16990
16908
19618
18776
20873
33480
29617
25894
17581
19360
26272
18090
17567
17783
17513
17469
17630
17390
17829
18146
17975
17776
17974
19392
17268
17818
18407
17431
19102
20697
20897
22404
18000
17275
16797
17458
17259
17300
17588
17543
17837
22207
18955
17494
18230
17543
17682
17976
17672
19960
22527
17477
19459
17409
19776
18849
20417
17914
18420
22557
18998
19631
19115
19240
17282
17852
18277
17310
17331
21599
18056
17594
17342
16875
16936
18929
18232
17831
17389
19514
18099
22612
20292
