19933
23074
22629
24943
20291
19642
21262
20767
20177
20730
23072
24100
22874
22266
22247
23094
25886
19641
19874
20134
20441
24518
24844
23735
20248
19570
21402
19544
21144
21474
20689
22204
25839
28896
25499
20062
22464
23665
23062
19228
22629
21355
19956
22358
21105
21562
21095
20397
19729
22000
27519
28085
27286
19978
19773
22326
20153
24056
24816
20718
19302
21729
25360
19574
23375
22405
19706
19767
19841
19487
20446
19901
19867
20050
21833
20549
21900
20686
21642
20831
20627
21032
20109
19947
20911
20225
20011
20534
20482
20275
19967
19943
20153
20418
24382
25237
22421
27930
29017
28137
20861
22221
22263
20342
21767
21184
29133
29615
26829
20738
25789
22099
24908
20290
20432
19964
20062
22121
24114
25683
25151
21339
25418
26073
21897
21893
26450
20850
21904
19562
19775
19843
19473
20798
19930
22126
20749
23001
23648
21090
19499
19565
21861
20355
21047
24122
25755
24499
21399
20276
20264
20525
19686
21169
22082
25735
20610
24212
25024
25631
25176
19599
21047
20044
23634
25087
24271
20617
21103
21032
21212
21584
21468
19747
21245
20523
20419
22465
23016
22151
24163
19935
20266
20347
20021
21539
21716
23446
19822
19563
22002
20345
20511
26355
29649
26800
27847
21248
26823
20308
