24344
24452
23182
25651
25312
25214
25313
34861
25183
22797
22488
22893
28762
30062
24382
27789
28795
38504
34507
39266
38575
39335
26711
27516
38895
38404
35033
37746
38365
30421
29879
25971
22479
24275
22162
24180
34032
34546
25473
22922
27116
32279
22254
25270
34083
28029
30054
34022
43848
36952
22071
24130
37478
35015
29746
25929
22713
29877
23258
23019
23009
28636
23092
21999
21968
22017
22498
22656
22145
23053
24472
21921
22275
21825
23018
24301
24617
22779
23045
22989
23279
23362
22843
24404
24079
23682
22624
22228
23659
22187
24219
23768
22633
22836
22166
23176
22832
22162
22130
22424
22182
22337
22595
23044
23775
23480
23658
22313
22576
22238
22685
22027
24451
24993
22829
22902
23746
23243
25538
22838
21902
22871
22175
22190
22378
22653
22329
25334
28127
26151
29812
31920
22222
26767
35623
23020
23380
26180
24599
25473
25764
29503
32785
22929
24414
24882
27574
31808
32229
23559
25516
22699
22323
23217
23763
29835
36519
33089
29725
33509
23035
29724
26372
31018
32897
22542
24190
23274
23808
30213
37087
32592
33447
38486
37209
41359
36709
35630
30190
31020
26249
25171
25978
22095
23055
27900
29338
27475
34250
35527
36077
38131
35426
31303
32693
22980
28034
33375
28287
25709
