30829
31320
25419
45291
30375
25380
24069
25011
24117
25681
32783
28397
33703
63063
28210
27416
26710
29778
25112
24346
26975
27792
26241
27661
25879
27351
24336
27021
24596
25513
25660
26623
27751
26264
25135
25666
30611
26399
27092
26065
24892
26386
24481
24274
28004
27252
25555
26802
26052
24476
27363
26524
30096
27007
30203
33005
29956
37158
33966
28737
33418
25820
34116
37074
37251
29133
30755
24585
25429
27800
26012
26781
24509
24195
25860
25293
25457
25108
24166
23799
24019
25014
24926
24661
24963
25136
24367
24918
29616
26444
27387
27328
31957
24906
26995
27779
28058
25447
30473
29067
24711
24172
24493
26892
25678
24807
26848
28394
24623
24651
25342
26602
32722
34701
30625
23952
24936
25343
24880
25707
27657
31534
35796
34376
29607
25712
24721
25216
25056
25261
37801
25296
25686
24703
26324
25243
27019
27012
25649
30369
34636
32422
31817
31048
26834
27197
24038
24368
24533
24739
26950
24186
28448
33854
31795
34141
27746
29054
26388
27445
25464
26158
28783
27050
24481
30114
30804
25203
31898
25561
26029
24969
24260
24574
24385
24351
27079
27123
26634
26405
27354
24451
26863
26446
27109
28646
26522
25008
27239
24222
27192
28198
25649
30245
28540
25386
25479
25302
30585
36936
