39210
30705
29720
26625
26368
27761
26239
30734
33934
35916
35900
32052
33851
35104
26821
27457
27313
29636
27589
27909
31051
27686
32567
29834
26143
29504
30500
38628
33858
35325
44820
28526
27902
27156
30506
27246
27968
28428
27455
26358
26504
26912
25779
26371
32501
33883
26241
31145
30939
29373
26116
26034
26573
26830
32856
36700
25965
26796
26673
26948
26886
26180
26499
26950
32744
30604
26868
27362
30745
30381
32589
34512
32522
27528
26826
28296
33530
32997
26289
28345
27246
26455
26963
31453
32415
31587
26356
27233
27538
33218
29632
26316
26624
26629
29107
27191
29237
27648
27181
25914
28403
34205
36301
32891
28544
32940
29868
41658
26601
26654
27117
27627
25674
28241
25792
25445
25587
27024
37782
28244
30566
40207
41406
48465
34576
47235
34517
33476
31270
26806
28796
35250
31353
28421
29082
27417
27614
26405
29720
37350
28241
29429
39323
40764
34964
26295
32340
39716
32318
35252
26325
27392
26724
27419
27837
30889
29505
30865
32894
31095
28387
25879
26951
25916
26760
28576
33283
28765
33550
34303
26446
26921
27019
29836
29222
29085
28460
28396
28467
28407
30049
28818
27060
28345
31982
26510
25872
26541
26400
26600
27557
27647
30013
30586
30164
30242
29374
29286
28989
33072
