4056
4099
19376
3998
4239
4261
3985
4103
3776
4130
4072
4442
4011
4097
4434
4282
3956
4097
4585
4390
4957
4132
4778
6590
6865
5986
6224
6864
7077
6391
4602
4197
4799
5727
4719
3996
4201
4053
3967
4098
4022
4357
3968
3960
5059
4117
4193
4103
4044
4027
3943
4156
4590
4031
3968
4411
4172
3999
3872
4461
3960
4088
3939
3954
4189
4227
3928
4000
3967
4181
4014
4275
4294
4674
4051
4532
4015
4328
3952
3944
4030
3854
4068
4031
4126
3988
4536
4153
3944
4181
4113
3871
4238
3969
4187
4026
3983
4004
3937
4029
4337
3981
4152
4128
4027
4000
4291
3971
3976
4287
4047
3936
3867
3953
3916
4487
4045
3981
4319
3989
3997
4589
4241
4799
4065
4319
4270
4212
4044
4401
3993
4101
4381
4237
4012
4548
4052
3906
4184
3999
4252
4474
3953
3985
4241
4077
4395
4050
6784
5405
4424
4012
4148
4427
4198
4057
4351
4432
4160
4466
3942
4097
4228
3961
3981
4036
3950
3991
3995
4108
4545
4014
4156
4932
4144
3915
3984
4051
4189
4133
4209
4327
4046
4128
4141
4066
4118
4327
4170
4460
4384
5074
4120
4460
4893
4791
4467
4276
4470
4179
