40954
34951
35814
30543
28840
28547
32691
28823
31106
30938
30667
29080
32060
30664
28368
28619
29042
30775
28037
31783
31069
29889
30766
31385
29737
29373
29548
38635
28629
30965
30064
28342
38297
42353
39929
33357
27397
28234
29210
35218
39158
38195
29326
35988
37447
33042
30452
34047
36074
31282
28795
27213
33483
39164
31444
28517
31779
28953
35218
33045
27477
34888
34648
37079
38598
28077
29544
30351
30564
32026
28926
30651
31385
32665
30101
29919
29931
28223
28341
31018
34133
32312
30603
32453
32369
30597
38211
32734
51107
29993
39577
30541
34874
36631
40007
34759
34614
33145
29644
34524
33687
30933
36111
45971
33850
27490
32809
38447
40604
37309
33455
30185
37707
34916
33035
34583
36542
30389
35171
34007
35134
35637
29093
40654
29497
43384
44296
31967
28438
31269
34815
30866
27595
29026
31929
28993
28898
29028
27425
41139
28187
28655
31334
34645
47545
36736
40384
39112
37976
34204
30939
27963
27541
28953
28093
28559
27452
31729
30747
33973
31676
35873
43874
30236
31933
27532
33124
40778
38817
41616
36610
36330
27922
27861
30419
28695
30067
35965
31819
28991
28393
27894
27781
30448
33021
57968
27561
30910
28922
28991
29876
32084
44498
39245
39528
39665
44767
31506
30827
29992
