29916
29886
34078
29517
34828
36226
30701
57594
29708
29776
33932
29434
32805
32536
28886
29552
32261
31033
34282
31083
28814
30936
31082
36102
29050
29014
30019
28749
31345
31849
33770
31337
29175
29874
31109
36138
44153
41751
30152
36299
40348
33834
35059
33578
40728
44249
45121
31933
28786
32514
30032
29743
30075
28850
30361
32167
29070
31046
32482
32264
33869
36625
40760
28879
29942
30362
29971
29935
30347
29852
31205
32282
31356
32588
36866
41272
36578
29661
30743
40008
43758
40697
30603
32492
33884
32284
31870
30979
31575
36986
29881
32846
30191
29592
30687
28955
29464
30546
35605
33195
31922
41802
39355
29134
30896
33202
34087
33460
33377
30388
35670
38584
40884
37809
35994
32080
30605
29358
29243
34769
41391
29835
34772
32128
28498
29685
29696
32525
31154
34370
29498
29623
29311
32675
30160
33653
45169
44975
35069
46649
31668
29267
31020
31294
29403
30534
30099
34007
29077
29443
30898
32831
29456
29686
29672
35779
32381
37052
34059
32010
31014
32401
31291
31006
30047
31243
31043
33221
31664
33104
29831
31435
33686
29790
37088
29439
30651
34413
31272
30058
32816
33404
30020
31576
34419
34324
28964
30017
34679
34741
31807
28613
32475
35470
38059
39364
30508
33854
31897
29836
