31251
30132
32708
30667
29997
33440
31324
40357
33958
30252
30630
29901
29729
29936
35196
31772
30373
33255
30398
29908
32339
29759
29722
30328
29708
30794
30800
35500
31553
33075
32056
42830
39104
37508
34722
32848
33393
30338
32479
34279
32775
32616
33857
30964
31403
30211
31384
30560
33254
34215
32570
31907
31818
32351
32229
32574
30578
33939
31053
38514
33525
32079
30841
32867
31056
32002
33160
32635
33999
34906
34142
32572
31499
31080
32704
33328
30662
32026
32884
30508
32150
31943
30108
31121
31196
31965
33959
30783
32658
31268
32433
33059
32041
33179
32720
32551
34155
32832
32338
31155
30907
32427
42041
36315
39939
35989
34061
31511
32634
32282
31819
30448
30760
31036
31150
30379
34513
32093
33152
36043
42044
38500
42718
40630
41038
34783
33990
33700
33002
33821
33681
30841
31602
32077
36693
32798
34276
33741
32127
39870
32602
30656
40527
41884
31303
33957
32131
31356
33182
46734
32018
31404
47119
44179
34745
31351
30963
32972
34757
48251
40194
39343
45317
35058
43216
34066
44643
32368
31008
32196
30856
31592
32014
36392
39418
38658
37720
39154
30278
31093
30861
31577
30196
30540
30068
31478
30990
48130
40236
29923
39745
47277
39860
43293
51831
47243
33575
45908
46023
37431
