31735
31285
32319
32601
32248
40426
35909
37930
35843
33126
32203
32501
35471
32619
31787
32170
32402
33136
32536
33051
38991
48678
50352
37738
40741
44371
32715
34664
32540
43423
34143
32246
37938
33230
33348
32073
38292
33737
32951
31513
35239
34071
48488
47998
35581
47285
38484
34560
45230
51450
43428
35564
47463
35700
38610
32641
31400
33807
38113
47870
44322
41370
31367
43736
41427
34207
36072
31683
32078
37149
32358
32898
31358
33287
33296
31833
32147
31512
32130
41748
42831
33843
33032
34472
33057
31030
31776
35086
31444
31519
32197
31340
32534
32224
32226
32394
32046
37652
36943
42671
33342
32225
31823
31979
31592
31643
31940
31060
38199
33995
31313
32767
33995
40077
37227
32267
35915
38556
32504
31686
33743
34530
32059
33139
38553
43802
31371
36799
51071
39995
46317
51976
48990
37780
35206
34360
32302
33438
33166
33225
32873
37820
48476
48705
50939
36949
46142
33759
32596
31523
31837
32320
31438
31316
32988
43487
43913
32569
35927
48497
56824
32074
31591
41064
39825
33577
48402
49436
45038
34201
42106
46242
36839
49226
49883
45076
43537
35253
31190
33026
32513
30917
33390
32228
33145
32872
32475
32976
34894
35989
33580
33394
31624
32450
32652
32124
32192
32801
33954
32303
