33169
32940
35326
33544
35846
34545
32960
32919
33599
34780
35012
33006
37087
37906
36127
33189
31894
32894
32444
32000
33642
33483
32330
32088
31843
46981
58780
32277
33991
38150
46329
47351
49158
40967
39370
36546
39138
36056
31494
36263
33935
34334
33954
36944
38297
34216
37220
33181
32700
35254
33802
35539
41542
40583
42640
33864
32574
33582
33768
33295
35728
38286
37294
45703
39329
35363
31467
31271
31855
34954
42246
36080
31936
31256
38493
42205
41723
43635
36764
35507
43879
33465
39733
41925
41787
38400
34848
36616
38534
32318
34507
36504
34818
51986
35357
33097
41013
39875
32853
31636
45520
33617
34730
33282
36698
44777
47579
45684
32458
34455
37392
32844
32545
35825
41842
32644
32501
36823
32640
32796
32875
33537
34616
31735
38185
47378
41461
41266
34887
39386
44498
45475
45230
40038
32341
31825
33258
32402
34088
35551
32248
33015
33139
32633
33228
33613
32818
34569
33042
33260
35850
37345
34168
37795
44967
48247
44509
45999
42185
40591
44879
39094
38417
35833
39439
32308
36590
37156
62077
34099
36311
41543
33045
32944
33271
37899
37173
35199
46258
33981
38115
33581
43608
37561
34898
42239
38854
31571
33326
32370
31337
32596
41316
50355
32097
39365
50120
35047
55295
32618
