33965
43705
36629
40949
54610
47231
42686
39880
38856
33536
32019
41847
35378
33178
34464
31532
33172
34564
32583
32904
32709
33342
31506
34235
37329
32863
32154
43382
43380
41481
31994
45689
36383
50034
54013
40920
43245
32498
32594
32841
41932
40659
33859
42898
33355
32894
37443
50499
42080
31818
31731
32296
32698
37991
31683
32006
36196
34468
32765
31995
32178
32674
33214
32058
32922
35773
33407
32781
46877
33433
37824
51023
46389
46644
43545
41321
43485
38049
44765
36166
37356
53870
39240
41442
41588
36938
41922
38571
48483
37733
40307
56987
35148
32691
31668
38696
38318
41407
37471
37048
40030
43154
39197
33276
47047
32629
32795
48319
46145
32711
32443
32950
34537
36208
51132
53722
49798
46892
46408
32379
35476
39948
46290
37050
41672
39429
34967
32388
32780
40511
32563
33746
40523
48266
41941
32300
34394
32658
37686
32678
35791
36894
42644
39687
48049
34251
46062
31591
32518
37133
34337
33149
32092
34409
39340
33348
32476
34944
45608
41770
41970
37255
34679
37436
35128
33401
41829
35788
40604
37756
43766
39334
43689
38950
43190
44132
32956
33721
35083
34985
32351
32590
31499
40029
33104
37539
32899
33313
31900
32382
32421
32004
32071
34483
32879
33755
36450
31925
41095
44481
