37080
32610
38617
35177
37259
36697
32635
39567
34709
36037
41846
49271
33985
43547
40801
32186
40700
34866
30989
31159
36856
41445
39187
33218
34909
36896
32238
45219
38347
42369
46967
45479
34069
33020
33149
32252
31819
31831
33949
37634
32694
32347
32108
41505
34334
39272
37441
41047
35227
34967
37331
32179
39847
31785
31699
39534
45573
38885
35768
40600
39519
31769
33276
32015
33864
48519
46329
71266
32587
32149
37595
40239
35458
43909
46999
49150
43999
36457
32961
34072
34605
38099
40088
39268
33461
43328
44432
42214
39818
45421
44389
41735
32338
31786
34755
38948
41436
42863
33388
33585
39278
33108
45166
33263
38216
41807
43352
31573
31203
39017
48359
37382
43655
36718
34334
45096
43434
38265
32433
32354
42227
45700
47149
47252
43537
34226
39336
47729
46509
41245
32643
32521
33995
36987
36661
32653
32325
34235
40639
45910
36039
39748
45288
44143
44144
39161
31701
33297
39199
47841
35400
32073
39748
46727
45314
46610
45269
46466
44882
34786
42726
47386
42076
43915
33509
32258
38864
37919
42101
35024
40227
40527
40858
37351
46689
44974
37398
44105
45138
32759
46481
33738
37035
47177
43292
31906
33044
39365
44820
43319
62029
33238
32805
31694
32803
41110
44368
34442
32576
40379
