44281
48437
38357
39342
43006
42429
45574
36811
36807
39864
37454
44212
42179
34787
43483
45213
45211
45033
43567
45541
44786
58020
33174
32597
31910
32566
32287
41271
34624
33381
36116
32279
35727
33286
34689
33191
32812
41121
37007
46206
42407
40832
41024
32688
37821
43858
45535
41192
46481
32660
32954
36678
35746
44288
35095
45145
40505
39437
44153
36811
42842
41654
38414
32149
32677
36917
40015
45823
40436
42991
44712
44727
39879
37551
34599
40198
40415
37324
43821
47183
45182
45310
34966
43573
46237
40652
36627
45049
40477
42968
44462
44976
40227
44603
49892
46828
34164
32724
34179
36175
37671
31615
32119
31728
41290
41340
38027
31632
45727
33629
42559
32527
31724
36927
44285
34608
34346
40156
41635
37652
32099
32583
49109
42094
35416
39814
42378
46651
40929
47660
44645
51867
41435
33296
37271
40358
47195
47639
35719
37776
41331
52678
34168
32651
31505
32295
31902
35890
42735
42778
43803
38821
45065
43257
40273
46055
44783
39882
32187
38870
37193
40704
40899
37583
33206
40734
34891
32476
31919
31885
32083
37769
32381
32479
40129
51963
40730
40188
44248
45617
44410
41533
40142
33729
31671
37973
42853
41477
32229
40247
40998
50776
49816
47979
49136
43347
40179
40429
42016
39481
