42730
43751
41031
38621
41592
36741
38854
39355
43733
39640
38579
38499
31579
31577
33325
40130
42757
43313
43912
44240
36304
40988
46056
43192
45650
36467
31859
37607
43977
43975
38039
45751
43596
34556
33828
41750
38034
33848
32821
35052
43446
45574
42621
36772
38523
38964
39489
38200
39294
43838
42172
35953
32927
42170
41272
40791
44444
41899
37198
38065
32219
31197
36885
40799
38022
31059
32377
34955
32590
31732
31102
33461
34330
39264
40524
35793
43376
44434
43972
42365
44936
37976
43130
40617
36233
31843
42264
43934
39610
40697
38819
41153
44520
32525
35567
41167
36389
31054
31078
32173
38204
31556
33129
34532
45182
39926
34163
35202
32557
36991
31588
32275
39064
35360
37467
39828
42070
40195
36191
31052
32040
44397
46299
43212
40405
32146
34804
42521
40447
37374
35363
38834
31210
37088
42778
32632
37243
42158
39502
31546
34937
32896
34070
35653
33043
36733
37690
43504
37367
30767
36172
34709
37862
36270
39139
40936
43289
41602
41087
50977
32320
39410
44509
38005
37798
37840
30155
36546
30908
32008
37424
43497
35642
42743
44141
39218
41095
45281
42435
33318
38944
40678
43016
32834
32199
44062
41399
40602
40484
32094
35907
33511
37621
31299
30851
31562
31665
31749
30492
30625
