31108
34258
36924
43258
40733
42816
42384
35171
31110
31635
30617
36436
34581
39602
37436
29901
35645
41289
30647
33655
35906
37606
32725
35198
33678
36109
43494
39544
32129
37866
37887
41528
35415
31932
39675
36585
33533
31336
31230
33283
38728
30456
32798
30718
30943
36524
46266
39126
44414
44457
39872
33942
38270
44784
45552
46017
41076
42665
32946
31171
36721
31186
43146
33099
36255
39640
34323
38624
35371
30090
31202
31098
31466
31992
46637
30543
39678
41265
42623
30964
35023
43261
34762
39501
33180
37681
32303
43137
32435
32903
38579
33454
39058
38986
45467
45243
37471
36384
32587
30253
31079
29650
31094
31389
32188
31476
29835
30922
30752
31890
37070
39584
36493
31636
31552
34497
32135
37726
41546
30645
35723
36728
38260
36934
38986
35945
31467
30645
32059
30628
31618
30828
31854
33111
31257
31193
32313
30418
30817
32273
31490
30221
34430
39694
32267
33374
39328
40840
43752
41768
42664
35706
32417
31413
36174
40665
40157
34932
30177
32066
39354
30094
29826
33068
41016
31031
30940
30480
31068
30017
30836
29526
30826
30929
30195
31719
38972
39950
33625
38920
40996
38099
32148
33610
34967
30426
30627
30104
29763
30229
30442
30015
36773
41808
31913
33627
32964
30614
35614
42650
