14
16
10
12
13
10
14
16
15
17
14
11
10
77
11
10
11
10
11
10
10
11
9
10
10
9
10
8
9
7
8
9
9
7
8
7
12
8
9
8
7
8
8
8
8
8
8
7
8
8
7
8
13
7
9
8
10
8
8
9
8
9
8
8
10
7
9
10
8
8
7
8
7
9
7
12
8
8
7
9
8
8
8
8
8
22
8
8
9
7
10
12
8
8
8
8
7
8
8
9
15
11
11
12
7
11
10
11
9
11
42
10
10
9
12
11
11
11
13
8
8
10
11
14
12
10
10
10
9
10
13
11
11
9
9
10
10
8
10
8
10
10
11
8
8
8
8
8
9
9
14
13
12
7
32
11
15
14
12
12
9
11
13
12
11
11
10
11
11
11
9
48
10
10
11
7
10
10
11
10
9
9
9
10
7
7
9
7
8
8
7
7
7
8
8
9
7
8
7
8
8
9
9
12
11
10
15
13
16
8
9
8
9
9
9
8
7
9
9
8
9
9
8
8
8
9
8
9
8
9
8
7
7
7
7
8
6
8
6
6
8
6
7
6
7
7
6
7
6
7
16
9
10
9
9
11
9
10
8
8
9
9
14
8
8
8
9
9
9
10
9
9
10
10
12
9
9
9
10
10
9
9
8
8
8
8
7
10
7
9
7
8
8
7
8
8
9
7
7
8
14
11
11
16
14
13
12
15
10
14
12
11
13
10
9
12
9
7
15
8
7
12
10
12
12
14
11
11
11
15
11
10
12
9
8
10
10
11
11
9
9
9
8
10
9
7
9
9
10
8
13
30
13
18
14
14
16
11
14
13
14
16
13
12
12
14
13
14
13
13
14
13
15
11
13
10
11
14
14
14
11
11
11
11
11
11
12
11
11
11
12
11
12
16
12
11
11
13
11
11
18
14
16
14
15
12
11
15
13
11
13
14
9
17
12
11
11
10
11
10
11
11
11
11
10
11
10
10
12
10
10
10
9
9
8
9
9
9
8
8
10
21
9
9
9
8
9
9
8
10
9
8
8
9
9
9
8
8
9
8
9
8
11
9
9
11
9
35
9
11
10
9
9
9
8
11
8
9
10
9
8
10
11
9
10
10
9
9
10
9
10
10
9
13
10
10
9
10
8
9
13
15
12
12
11
13
9
9
10
11
14
13
14
11
10
10
10
9
10
9
10
23
9
8
8
9
8
7
7
7
7
8
7
8
8
8
7
8
8
7
8
9
8
7
8
8
7
7
7
7
18
22
12
18
14
11
14
14
12
12
12
17
13
10
13
9
11
10
9
9
12
12
9
13
10
14
11
11
12
13
9
9
10
7
9
11
10
8
8
7
7
8
9
7
8
8
8
12
7
10
8
7
9
8
7
9
8
8
8
8
8
8
9
8
8
8
9
8
9
8
8
9
7
7
9
7
10
7
8
8
8
8
8
8
8
8
9
7
8
7
8
9
8
7
7
7
8
8
8
7
15
16
15
11
9
11
20
9
12
11
8
11
7
10
10
35
10
10
11
8
13
10
12
10
12
11
13
11
9
8
8
7
9
9
8
8
9
27
11
8
9
8
10
8
7
7
8
8
7
7
8
7
9
11
8
8
22
7
7
8
8
9
8
7
9
8
8
8
8
9
8
9
7
8
8
8
8
8
9
8
8
9
8
8
9
8
8
8
8
8
7
8
7
7
7
7
8
9
7
9
8
7
8
9
9
8
8
8
9
8
8
8
9
8
8
8
7
8
17
8
8
11
12
8
8
7
8
7
8
7
8
8
7
8
8
8
8
9
8
7
9
9
7
8
9
8
8
8
8
9
14
11
10
11
9
10
8
13
15
10
10
12
15
14
13
9
9
10
9
9
9
10
9
9
9
10
9
8
9
9
9
7
7
7
8
8
7
8
9
7
8
8
8
8
8
9
8
8
9
9
7
8
7
7
8
8
7
7
8
8
8
8
9
7
8
8
9
8
8
9
7
8
9
8
8
8
8
8
9
9
7
8
9
8
11
8
9
8
9
8
8
7
9
7
9
7
7
8
8
8
7
8
8
8
9
7
8
9
7
7
7
12
12
8
8
23
8
9
8
9
8
8
8
8
10
8
8
8
7
8
9
8
23
8
8
8
8
8
9
8
8
9
7
7
8
7
7
9
8
7
7
10
9
9
8
8
8
9
9
8
8
32
6
8
8
9
7
7
7
6
9
7
8
8
7
6
11
9
8
7
14
12
8
8
7
8
8
8
8
8
8
8
7
9
8
8
7
8
7
7
9
9
7
7
9
13
12
10
10
11
8
13
10
13
13
11
12
39
9
10
10
11
10
10
10
9
9
10
9
9
9
8
7
9
9
8
9
7
8
9
8
10
7
8
8
7
7
8
8
7
8
8
8
7
8
7
8
8
8
8
8
7
7
9
7
7
8
7
7
7
8
7
7
8
8
9
8
8
8
8
8
8
8
9
9
9
8
8
8
7
8
8
8
8
7
7
9
8
8
7
