121
127
120
123
122
119
109
119
115
125
119
118
117
118
116
111
121
109
119
109
162
110
105
110
118
125
153
139
117
113
128
108
123
117
123
118
115
118
119
124
117
119
167
117
127
116
119
159
119
117
119
127
122
131
116
125
121
109
158
115
113
122
128
119
113
117
120
121
111
445
122
121
112
128
118
125
114
114
112
106
112
115
119
132
116
122
112
116
113
113
115
126
130
136
131
128
117
129
150
115
111
121
113
114
158
113
126
111
115
112
110
120
117
110
121
153
114
132
119
147
112
134
116
112
121
110
111
118
111
108
114
122
109
125
129
123
107
111
112
120
109
113
110
115
108
118
104
139
116
110
115
115
110
113
106
107
113
112
108
111
107
117
108
118
103
116
127
115
108
115
100
113
108
102
115
127
111
113
110
112
111
111
108
108
123
110
127
115
110
112
112
117
115
140
109
106
119
108
126
113
100
101
97
98
104
137
97
98
100
89
95
123
153
102
105
98
104
159
101
97
100
95
99
101
101
104
141
102
114
101
99
110
105
99
97
170
98
95
100
96
104
97
97
94
98
94
93
101
93
95
111
115
113
115
111
105
105
115
131
116
108
106
108
117
109
116
126
104
113
110
111
116
123
136
122
126
117
121
142
124
113
113
120
119
115
125
107
105
107
108
105
114
112
115
109
122
125
115
114
180
116
157
114
111
115
130
111
109
548
131
112
118
107
111
114
130
117
114
113
112
114
111
113
114
116
112
115
111
115
113
117
113
123
112
105
107
110
111
108
108
107
107
103
116
109
119
108
109
109
114
166
173
179
154
167
169
179
192
173
189
170
175
172
551
172
409
141
108
109
132
118
115
108
113
106
115
116
111
107
110
111
109
120
108
129
112
106
109
122
117
115
111
110
107
111
123
109
118
109
108
150
140
151
150
125
133
127
154
128
128
121
133
126
133
132
122
123
144
131
124
128
128
185
131
123
129
118
127
134
188
133
119
132
135
132
128
127
179
132
128
130
161
131
125
147
141
130
129
134
127
136
132
122
128
133
128
145
130
129
157
133
132
138
134
130
133
133
129
131
133
132
117
118
119
117
114
111
107
113
105
108
110
103
122
114
105
106
106
116
107
133
110
106
114
132
108
113
141
113
107
113
110
130
122
112
123
108
116
131
105
117
109
112
124
109
110
114
110
111
105
109
132
115
119
114
113
115
116
109
110
109
119
116
107
110
113
113
110
117
112
111
113
116
114
112
135
116
114
115
117
116
188
139
114
129
109
108
113
109
106
115
113
109
110
120
108
115
113
111
109
112
161
108
163
111
124
109
106
108
108
109
113
111
111
112
107
109
114
107
114
110
114
109
120
107
119
108
105
112
112
117
108
113
108
105
106
104
106
106
105
112
129
108
107
112
117
109
116
110
112
176
113
112
111
158
112
115
113
113
116
107
112
114
110
111
112
108
107
111
110
114
125
141
118
111
113
108
110
140
114
112
112
128
112
114
117
110
116
120
112
110
107
111
105
113
105
134
130
121
110
165
110
115
113
111
110
114
119
109
109
109
103
108
114
110
135
110
121
106
104
102
113
103
112
115
106
104
109
106
111
109
108
125
121
100
108
112
105
106
109
105
112
110
107
121
111
108
102
114
116
105
103
110
118
109
116
106
108
111
149
127
114
113
111
114
108
114
111
114
116
108
116
112
136
120
110
116
116
105
108
118
110
103
122
110
114
112
111
111
112
128
125
149
116
124
120
115
112
105
111
108
126
106
106
105
108
110
113
113
103
104
102
107
104
115
106
102
101
109
116
133
106
109
109
104
116
108
119
111
111
112
113
128
113
113
108
121
124
106
109
108
114
110
110
107
113
101
110
108
112
114
109
110
112
119
108
113
107
113
103
133
113
108
110
130
231
120
114
118
105
127
112
119
117
113
123
108
110
107
116
112
107
118
118
109
113
110
150
111
110
105
142
115
108
112
155
126
115
115
113
111
109
104
113
111
103
114
106
116
113
108
138
120
110
103
110
108
112
102
138
124
116
101
112
105
105
101
113
100
106
126
158
123
110
108
108
107
110
111
122
110
113
126
108
110
108
103
106
113
155
105
109
114
113
118
111
107
107
107
104
121
114
108
122
116
114
108
113
120
115
113
107
114
113
130
109
111
108
112
113
115
109
105
111
110
110
144
104
113
113
107
103
112
112
110
110
108
107
106
106
124
113
109
114
108
105
108
108
141
109
128
110
107
105
106
111
113
111
106
113
122
126
112
110
114
116
114
110
107
111
112
112
111
120
117
105
119
107
103
111
111
106
109
149
109
100
107
114
103
106
106
128
103
115
104
103
106
114
123
115
112
110
128
204
105
113
107
111
123
116
108
109
113
112
112
110
102
116
128
111
104
114
114
173
111
126
110
113
113
115
172
111
111
114
116
112
125
115
112
113
111
106
105
116
112
114
117
123
114
105
113
116
138
120
109
115
108
111
116
110
112
119
130
117
114
115
117
108
114
113
