208
206
195
215
202
200
189
208
187
205
201
212
193
188
191
195
212
193
211
194
208
202
249
198
195
203
200
202
189
207
194
265
204
632
242
200
185
324
189
210
197
190
194
202
222
232
207
196
197
203
207
205
185
228
200
217
257
205
240
231
192
217
242
264
202
197
217
208
206
209
211
201
225
198
197
201
228
218
190
192
213
182
219
218
190
249
198
206
188
208
200
204
194
186
192
210
183
216
206
204
241
196
224
189
186
185
198
189
183
190
178
168
186
185
191
185
211
188
174
3511
192
237
190
187
186
185
185
186
191
170
193
219
188
201
188
199
187
254
189
189
188
184
183
185
190
189
180
186
193
242
182
220
190
202
193
204
184
186
187
180
194
180
183
177
179
185
219
180
181
242
184
185
187
184
180
182
185
178
190
271
197
202
174
184
183
175
189
190
194
268
170
184
182
189
168
194
178
181
185
281
162
171
169
155
221
174
152
188
159
150
161
159
189
178
151
173
165
161
175
151
159
167
163
159
171
150
158
169
164
175
159
155
177
163
170
163
171
213
229
177
193
173
174
223
221
173
175
155
182
172
194
185
188
195
204
177
201
185
195
196
174
207
194
174
193
188
173
195
187
219
182
195
193
191
194
191
190
180
201
180
184
234
187
178
189
181
187
175
192
177
190
183
222
187
188
195
184
208
195
172
192
215
196
189
188
184
191
192
193
220
192
195
189
201
183
195
184
213
204
177
182
180
180
204
183
211
226
196
178
196
274
196
189
196
178
178
171
194
191
190
187
182
192
194
191
220
178
183
184
185
186
196
204
221
210
198
217
184
187
174
188
191
175
191
193
185
192
189
191
177
189
183
179
186
181
184
188
170
239
166
184
242
179
189
177
195
271
172
190
233
169
190
170
186
241
172
178
191
188
179
184
189
184
263
189
190
272
176
193
176
172
182
180
198
193
182
194
191
192
189
185
178
184
189
214
182
199
184
193
194
210
170
194
188
181
185
188
190
190
213
202
187
192
231
242
178
204
188
189
189
193
194
183
236
185
193
188
206
200
176
186
181
195
185
177
184
182
188
190
169
205
196
207
184
196
186
183
193
184
186
190
182
200
185
200
177
192
191
191
191
187
179
209
196
195
192
185
187
202
177
205
194
201
192
180
207
194
211
204
188
215
187
192
187
183
192
201
189
196
197
187
255
207
191
236
182
202
189
190
189
206
209
202
197
186
190
189
195
178
189
194
235
247
187
186
194
179
190
176
193
205
192
199
178
194
182
195
174
251
180
193
176
204
193
229
207
222
182
337
190
203
195
214
311
183
187
184
196
180
229
180
176
227
189
175
202
194
181
193
181
178
212
174
187
192
169
186
190
184
193
183
166
187
178
193
280
184
187
210
189
160
187
238
172
167
207
271
177
189
221
200
189
181
198
185
233
187
179
185
192
175
184
182
183
196
199
190
196
195
181
172
193
174
187
175
192
180
179
176
178
189
188
192
225
187
190
179
200
182
194
194
186
187
188
183
192
177
183
190
196
175
200
189
175
183
232
179
191
179
632
184
182
174
228
189
179
186
176
183
172
191
185
165
174
217
176
209
176
170
191
182
176
176
177
172
193
188
190
204
211
180
181
169
166
185
184
187
191
201
244
186
190
180
186
175
176
187
170
188
179
198
305
187
195
177
193
185
173
187
188
306
182
214
171
189
184
186
190
180
189
184
185
188
188
182
172
200
312
184
199
181
183
179
301
188
183
196
329
184
185
185
189
193
256
186
188
172
185
233
193
289
200
177
224
178
190
180
171
208
313
194
198
252
178
170
208
166
184
181
175
205
222
193
229
210
216
195
242
189
205
192
190
193
186
193
183
198
191
205
179
185
204
193
189
195
184
172
177
177
193
193
174
171
189
191
194
177
189
187
188
178
207
191
249
191
193
183
185
179
190
184
218
182
171
172
181
190
181
184
208
189
182
190
182
278
178
176
207
187
241
211
198
218
212
193
187
221
179
201
196
187
184
178
185
171
178
189
189
180
252
187
186
198
206
189
225
187
199
221
189
219
189
219
177
193
187
223
182
180
273
206
184
218
191
194
174
175
241
247
187
223
188
185
174
174
169
188
221
181
185
177
189
256
169
194
189
170
170
174
182
164
241
179
187
167
183
177
170
190
180
182
175
193
185
201
186
186
199
184
186
183
170
181
185
188
224
187
186
200
184
173
170
187
170
175
191
194
176
171
188
178
180
193
177
171
197
195
177
243
188
238
179
197
187
165
169
195
240
260
182
204
186
186
237
187
202
184
191
172
228
181
190
174
190
183
185
172
187
179
164
183
189
204
169
180
186
250
190
175
182
252
186
196
186
193
206
205
188
186
191
180
184
200
181
179
180
176
184
188
183
178
185
165
182
178
189
181
181
196
180
169
186
192
192
176
184
187
189
195
189
188
173
251
179
184
179
191
185
181
183
194
215
182
178
188
180
255
188
183
172
184
163
196
199
178
186
190
181
187
179
