290
308
303
302
299
303
299
282
342
305
342
304
299
313
303
312
279
325
341
338
291
295
289
276
398
311
333
308
380
261
315
310
295
299
279
346
317
306
327
341
316
294
333
310
329
301
307
316
372
299
291
273
265
291
280
270
369
287
320
295
307
314
360
385
333
413
314
281
298
273
295
282
340
389
279
376
307
293
340
290
347
355
296
426
313
303
295
341
322
297
304
333
349
281
311
350
304
294
300
295
289
288
293
297
291
358
272
262
372
271
286
285
351
269
294
289
374
270
249
276
270
343
407
292
284
262
284
265
278
253
264
244
274
283
260
314
245
334
302
295
276
283
296
331
293
270
376
306
288
265
276
295
285
273
283
378
302
345
386
333
271
310
263
282
268
265
256
284
308
287
268
274
280
289
275
295
299
246
291
302
256
289
268
308
322
290
260
283
278
257
282
296
287
286
285
312
285
266
257
306
282
273
254
260
245
232
244
381
249
247
254
263
267
240
277
309
301
247
269
256
259
225
232
367
244
242
237
310
263
243
244
245
285
239
261
222
252
261
246
229
253
218
234
220
218
315
228
268
242
336
285
310
284
283
285
324
295
408
308
286
325
277
279
309
314
360
299
291
303
293
290
304
291
276
259
257
290
255
273
258
267
286
285
256
423
283
378
313
277
273
276
309
278
304
251
288
285
282
259
278
285
316
301
299
284
279
288
296
287
296
274
301
278
355
288
287
254
277
275
291
287
291
288
273
254
284
257
333
251
368
281
279
265
277
285
272
276
286
297
299
280
282
256
287
254
294
289
279
288
285
293
281
338
287
284
323
275
290
362
289
283
288
258
411
284
278
278
239
283
285
275
281
277
304
294
285
285
392
285
304
269
286
317
284
289
332
247
278
331
304
280
380
297
280
328
292
280
277
280
253
288
296
298
380
309
291
299
266
260
274
266
280
272
271
242
261
281
291
307
331
289
289
315
337
254
271
356
277
284
292
412
300
293
276
259
313
276
282
357
293
295
285
256
253
267
263
296
292
284
404
267
352
275
269
293
395
259
272
279
280
328
275
258
280
318
266
274
301
279
269
244
262
345
295
267
296
272
280
401
282
298
246
276
278
270
293
308
262
259
271
288
300
288
325
322
284
285
288
287
296
290
317
286
280
254
301
253
292
391
302
320
271
285
291
290
304
288
284
288
293
285
308
301
305
287
354
276
297
269
280
287
271
286
365
268
284
288
302
278
278
285
289
272
276
300
265
285
296
285
302
295
289
295
287
277
402
302
282
293
282
283
298
374
282
251
284
307
286
293
276
290
286
285
294
302
293
287
308
248
278
344
282
297
309
300
349
280
267
318
273
295
326
330
299
259
284
285
291
294
284
278
295
286
283
253
279
315
280
282
406
279
278
321
296
297
269
296
280
262
343
250
274
270
329
323
280
259
317
355
256
290
267
294
292
294
288
246
247
278
287
298
279
300
277
284
301
269
278
282
295
303
283
251
340
303
281
280
286
317
309
275
268
296
265
288
287
278
371
278
252
278
327
325
294
280
237
282
280
394
411
250
262
285
279
269
254
297
268
301
337
323
283
249
283
288
399
304
400
276
281
295
331
260
275
305
283
268
282
297
275
264
263
282
353
296
340
406
299
264
290
287
281
280
294
321
331
286
281
313
282
379
308
340
279
276
285
457
285
414
270
404
297
282
306
286
286
291
286
297
298
321
282
307
287
261
280
290
295
258
282
310
287
304
360
302
292
279
289
283
340
418
301
280
253
334
322
262
282
245
259
242
280
266
295
279
296
262
257
282
262
260
259
298
243
270
274
277
274
286
258
273
263
291
260
444
281
282
298
277
302
282
299
374
285
371
254
277
275
314
286
357
270
279
282
283
278
295
299
342
279
279
277
251
270
259
339
258
278
276
272
265
291
251
261
289
285
259
283
281
303
302
270
282
294
285
478
281
302
289
270
286
299
288
278
278
267
285
288
329
289
286
280
262
264
273
270
261
276
278
272
294
290
257
297
279
273
277
320
273
281
273
317
326
279
311
274
290
281
304
290
344
284
262
272
286
288
280
279
285
257
304
391
266
285
263
259
286
360
281
294
254
303
283
282
268
273
278
285
283
306
282
276
260
296
280
289
288
398
295
257
267
270
277
278
419
295
315
333
310
278
279
276
280
287
301
246
266
274
269
273
291
301
284
303
256
306
273
477
296
275
297
250
279
290
297
302
314
273
282
284
325
292
293
284
278
290
256
276
284
272
275
286
274
293
264
252
281
240
250
287
286
281
297
294
310
310
275
271
275
266
286
284
273
391
275
252
280
314
258
346
410
287
285
282
297
257
284
309
259
310
248
303
268
254
275
288
266
280
289
244
244
299
259
321
273
276
255
259
294
260
258
298
352
297
252
297
265
270
285
377
279
270
374
282
363
252
280
297
284
284
313
245
275
273
289
289
275
282
285
255
285
302
286
289
267
265
287
287
284
312
291
273
284
365
377
292
250
334
290
279
