600
585
459
619
574
406
429
491
411
469
508
484
414
557
480
417
524
434
421
472
727
439
414
422
410
412
405
428
440
410
457
450
402
428
395
497
421
504
659
402
559
514
484
686
473
537
554
424
604
566
457
494
397
466
471
417
566
543
618
561
553
460
415
461
491
420
411
492
470
461
419
473
439
551
653
480
416
486
432
510
418
530
497
388
396
437
402
378
417
391
403
393
375
438
497
366
396
460
409
447
409
395
518
360
428
399
348
387
408
355
380
383
405
380
403
391
425
415
358
437
860
380
400
471
523
355
389
388
384
848
433
391
426
435
446
387
463
419
446
426
392
641
423
413
398
416
361
482
424
414
389
392
418
383
353
395
385
445
453
423
477
387
566
495
573
556
435
484
383
470
395
418
467
408
402
399
403
552
477
390
495
421
390
410
384
416
403
474
470
396
436
457
390
428
390
397
398
450
363
436
473
489
431
332
349
314
529
397
451
378
398
374
428
533
375
367
367
327
379
353
359
365
459
336
373
377
359
379
368
344
314
440
504
350
348
351
364
347
406
405
394
362
366
457
382
319
354
375
438
342
406
408
406
398
413
370
419
405
401
410
428
436
404
403
445
381
391
421
420
413
388
434
420
351
407
421
370
346
394
381
393
445
417
403
391
502
414
412
437
414
444
409
395
527
418
408
391
402
433
438
496
389
419
374
475
424
475
465
433
390
457
382
404
410
391
477
395
423
399
415
385
400
432
591
411
373
349
447
402
422
399
438
378
442
505
391
519
562
367
392
378
402
397
456
390
424
463
399
492
390
434
447
398
393
475
394
393
387
352
400
391
453
401
423
450
406
419
398
389
469
387
399
388
410
405
454
396
402
387
442
503
406
403
398
417
385
427
643
411
395
409
410
350
396
496
361
400
451
403
398
538
393
504
405
392
383
397
390
413
470
457
408
549
460
394
383
391
393
412
349
380
370
390
393
409
497
480
398
469
393
396
387
353
382
389
410
393
387
398
386
387
399
386
395
400
348
388
389
386
421
417
375
390
391
387
496
414
351
386
395
426
396
486
371
390
393
409
395
387
415
440
386
409
438
406
355
382
374
416
343
441
340
366
402
429
486
446
392
441
447
497
384
394
379
492
512
407
501
404
342
466
481
407
559
398
382
498
397
384
363
434
393
509
391
421
400
409
462
427
376
387
380
372
382
477
464
397
404
398
382
383
384
405
386
354
396
498
389
487
474
435
512
363
408
674
412
398
405
416
403
394
461
387
419
414
384
454
424
461
422
461
408
397
383
477
382
397
397
389
393
500
400
425
396
389
429
358
389
436
392
404
381
374
396
400
491
390
475
411
401
416
431
335
357
395
386
412
395
391
368
382
357
424
405
413
375
425
370
387
358
370
383
392
394
396
398
479
434
424
493
372
401
379
433
402
400
394
445
486
393
396
476
395
395
387
509
548
528
388
456
433
404
406
435
412
442
416
414
497
484
399
406
412
409
1898
388
545
533
468
453
481
424
414
401
402
389
397
384
384
370
414
394
371
396
381
543
431
477
628
389
354
419
379
402
376
424
462
452
387
353
396
433
420
378
411
411
501
422
382
446
352
393
390
384
395
367
395
408
476
493
437
532
413
576
392
414
442
413
405
409
420
429
398
412
423
349
392
499
393
446
378
372
420
421
394
380
371
377
500
401
389
391
406
380
390
395
413
422
387
459
423
420
393
397
403
396
448
396
386
384
355
391
404
393
497
387
506
392
398
383
405
390
386
392
384
348
358
379
391
435
466
656
415
394
410
438
409
414
394
474
387
425
332
354
380
400
376
391
389
362
373
463
436
413
382
391
438
402
380
381
375
363
409
384
387
399
369
404
347
384
380
364
341
428
435
530
423
366
431
444
481
458
435
405
396
454
384
490
525
419
349
398
402
411
413
395
401
393
496
477
506
433
359
449
386
347
377
390
426
368
454
452
410
401
386
420
390
438
424
411
385
382
403
545
410
514
410
362
419
478
408
459
506
447
438
419
380
370
393
408
383
408
393
416
386
378
392
374
390
399
399
423
594
416
419
420
402
396
382
395
450
409
455
518
400
472
480
424
500
430
392
394
379
380
407
458
383
375
378
403
382
369
421
388
432
397
382
366
388
405
389
381
382
393
503
556
403
409
547
370
429
430
364
375
474
402
388
405
408
462
429
388
388
381
391
398
438
605
396
381
381
388
373
371
382
454
387
381
393
392
409
376
397
500
389
411
360
362
406
399
389
419
378
343
400
388
364
381
400
381
399
392
468
415
397
389
426
491
519
437
366
479
549
410
375
350
384
392
500
388
384
389
391
384
407
429
409
391
387
362
398
393
403
417
394
388
436
459
391
402
386
355
389
404
406
491
502
406
472
399
389
404
418
408
387
373
390
379
393
412
380
396
419
407
399
446
397
384
387
400
473
474
461
400
474
392
387
421
411
407
395
404
401
416
566
358
394
438
397
388
492
385
390
383
417
391
384
386
451
392
