839
673
841
776
805
805
767
854
800
1119
963
882
897
816
569
810
836
784
910
840
892
719
803
805
925
843
809
817
632
946
821
811
826
882
855
898
768
818
858
833
1225
750
814
607
803
764
779
602
773
941
811
611
576
569
988
883
742
666
595
842
633
812
591
622
794
814
826
604
810
811
615
592
557
586
941
848
591
595
681
861
627
912
939
848
637
857
827
784
779
558
632
604
870
834
865
589
794
880
586
785
793
547
588
797
571
567
546
690
800
786
820
812
866
744
788
542
820
549
776
535
551
1349
574
626
603
559
596
555
574
541
802
575
548
555
562
647
606
588
586
630
617
794
776
787
791
583
613
545
568
676
552
943
791
774
823
534
803
803
861
938
865
585
575
806
815
817
560
530
786
988
834
789
816
763
884
792
624
874
641
794
1067
910
827
810
786
588
861
585
853
787
780
837
784
873
864
795
613
499
612
593
700
689
698
723
495
497
783
630
752
812
751
748
750
734
765
862
734
778
727
694
733
728
776
846
734
682
710
740
779
720
655
435
495
626
747
747
690
657
737
719
735
722
728
740
687
504
780
481
901
765
772
869
909
852
798
754
777
792
808
795
689
622
781
865
782
605
672
776
787
772
567
836
545
792
572
761
783
871
802
878
848
785
792
538
612
485
829
776
785
828
839
784
821
818
649
573
552
578
744
585
765
771
774
763
533
580
786
543
818
826
840
777
814
935
882
822
837
873
862
632
731
903
591
984
819
842
804
879
795
804
778
796
852
614
2078
812
870
842
902
786
781
706
848
986
727
600
843
799
627
635
538
873
579
588
571
567
785
919
796
582
807
814
879
568
792
788
609
811
838
604
559
784
587
749
572
643
803
762
531
556
653
520
796
769
612
771
798
788
816
813
788
815
592
772
555
574
851
809
822
812
877
820
618
812
814
595
809
524
895
660
729
618
800
604
816
768
799
799
484
557
545
826
828
805
795
676
880
776
818
761
779
785
768
896
694
894
887
923
846
785
846
811
808
887
846
802
576
784
783
804
800
746
797
892
779
651
890
726
933
825
769
819
819
564
848
813
807
799
799
797
829
956
793
826
827
810
847
957
841
842
822
811
984
892
812
772
810
827
812
842
797
616
793
839
811
842
875
951
651
831
563
787
778
775
539
676
682
562
589
580
785
796
741
549
611
820
818
759
605
592
795
573
806
578
557
782
777
661
736
830
611
732
834
608
858
701
668
952
571
796
576
785
547
616
788
809
906
564
796
518
776
833
791
859
723
799
801
807
778
796
896
656
840
574
792
891
930
776
861
872
815
660
672
881
558
744
860
549
798
915
672
816
791
794
776
768
934
863
803
785
636
805
817
547
584
602
819
835
810
768
786
719
595
571
566
784
784
793
817
751
897
877
564
767
576
776
552
782
769
579
770
554
536
573
807
527
569
827
798
895
800
792
818
768
640
563
803
563
636
642
589
841
892
578
548
538
679
888
793
550
770
758
828
771
599
852
720
534
725
806
813
816
781
781
745
831
815
795
747
808
799
791
646
544
832
779
790
786
802
886
792
656
789
795
802
765
763
797
933
972
806
820
851
849
634
883
830
795
772
817
829
832
808
784
1029
755
860
769
821
840
678
919
790
784
844
854
793
696
795
545
921
777
776
801
775
800
864
589
620
817
777
765
778
610
801
614
555
585
656
624
855
730
541
756
822
796
758
773
853
808
778
789
881
814
797
809
806
663
593
731
640
910
758
755
792
845
803
810
779
872
892
767
794
811
769
592
930
775
765
765
827
773
740
787
782
631
851
547
574
793
537
845
804
813
796
542
841
815
794
857
776
882
679
608
544
562
819
704
787
788
583
788
816
795
744
804
707
544
548
777
551
790
746
790
568
565
763
767
767
583
794
742
799
825
708
565
750
767
749
795
753
789
800
1580
753
543
795
825
845
768
788
708
751
781
849
907
623
773
800
549
589
789
809
847
616
635
803
799
784
795
768
1028
800
884
771
822
538
834
721
870
771
762
794
822
767
779
750
780
695
834
600
758
815
787
752
768
818
787
771
537
804
522
752
798
549
775
794
926
760
791
811
903
574
508
804
809
843
817
785
974
849
534
801
819
572
755
870
1039
646
671
715
766
765
619
908
846
941
810
856
808
652
842
838
800
829
607
561
625
572
579
847
750
840
900
586
546
838
793
723
751
539
594
754
760
791
538
773
752
769
796
746
516
830
760
818
832
658
915
861
854
824
847
797
759
733
539
773
785
792
547
905
835
797
820
783
788
763
756
809
781
823
787
804
572
543
550
646
835
836
795
568
792
823
791
847
820
787
792
794
841
768
838
665
792
599
844
761
758
613
796
757
781
770
756
766
856
579
598
602
838
789
548
750
842
843
783
772
771
795
873
846
665
784
531
766
784
798
765
661
622
793
800
654
622
800
814
769
851
617
529
547
800
808
543
827
834
907
532
570
774
827
765
767
549
783
811
798
585
798
554
1406
824
795
851
804
647
833
497
772
792
