1050
1048
1191
1057
1030
714
1080
1039
1178
1061
694
1226
1107
1048
1035
1154
800
748
1071
1018
1189
1024
1078
1129
1083
703
1065
1073
815
1040
1080
1071
1118
1024
1087
1117
783
1163
1033
1112
730
1126
774
1077
1055
1158
748
1071
771
1087
1011
771
1026
1039
1067
1089
1056
1175
731
1038
1026
1228
794
747
1118
1050
1221
745
1059
715
933
1140
1079
1070
1178
739
1086
1038
1064
1126
1041
1044
1101
718
1145
1059
1099
734
1051
685
1054
1103
720
1012
1168
993
744
1057
1158
1138
795
1107
767
786
727
1037
847
713
689
750
980
841
1076
1036
750
733
704
1019
751
774
640
666
1016
671
1047
652
689
623
696
1026
745
1042
1005
1015
991
1055
1155
713
1091
1109
1125
714
1047
655
1144
985
1140
839
1046
1163
748
702
762
738
701
737
702
689
678
722
708
707
703
1192
1045
1076
744
1078
768
1073
705
1133
687
1031
1041
798
653
1075
749
996
1119
992
721
750
835
1021
1043
1037
1156
1028
1026
1325
978
1059
1090
1167
1057
1116
952
1142
1023
904
935
1029
659
753
944
1021
946
949
984
930
866
962
1041
1030
812
620
999
915
993
914
921
914
933
946
923
898
1033
1080
1044
650
936
961
922
905
959
951
914
939
938
1002
928
940
986
962
877
796
705
703
1038
1026
760
1063
1040
1069
869
761
974
1006
1153
1010
749
1105
1064
755
687
707
1038
1019
1031
1137
622
646
1035
750
712
724
1070
1015
1047
1048
733
867
675
714
688
710
735
699
706
1007
733
1064
1044
1030
732
1735
733
736
715
1010
1047
1007
935
716
737
716
1008
1027
723
1027
734
1011
1031
676
1026
725
1033
922
1022
1023
1039
1131
732
1113
697
726
1051
714
1009
1022
711
703
1073
709
738
695
701
764
825
1101
837
705
1047
690
1087
1028
1014
1013
685
742
698
986
1047
1032
738
1043
875
1076
730
828
736
859
829
920
1249
1029
1027
1043
1014
1037
1078
816
737
717
855
1040
730
1062
1057
735
1070
1156
1089
844
1120
1002
1035
1140
1110
1065
706
1060
1131
1116
1116
1062
1062
1006
1055
988
1020
1072
1433
832
1025
1046
1143
757
1062
1067
982
1073
705
1067
921
865
776
1057
1047
1297
727
756
1055
1054
1122
729
1113
1033
1193
746
1012
1108
722
1015
1050
984
707
1019
1092
1114
792
1064
1039
1053
811
1053
1014
1053
1083
845
1076
1044
733
1045
1100
914
1146
788
1098
1173
1084
1018
1045
1038
1278
729
902
1062
1054
1094
1040
1091
1094
774
659
762
1092
1061
1202
1023
1041
1117
752
1043
1111
1110
771
688
629
1051
719
714
1099
1116
1029
1034
1145
718
816
912
1028
678
1025
665
738
1039
1009
1078
833
998
1017
978
749
860
1026
1041
1072
1005
700
1103
1181
1041
697
696
1014
720
663
794
864
806
779
789
733
1026
813
1111
1052
825
704
1079
785
1048
914
792
1332
1009
785
1006
993
1034
1047
883
1172
721
1024
764
1017
1079
1016
1030
1090
796
723
1028
1024
1090
812
695
758
829
725
745
1045
1047
807
1003
826
1025
1008
756
1043
699
1086
690
728
678
821
1069
792
719
777
1036
1096
763
702
751
834
786
1092
803
1026
1037
736
1042
1073
782
724
1076
1021
1053
1088
1078
1085
1082
817
1063
1102
1145
1141
951
1097
1067
1048
1185
775
1048
1057
1134
762
1279
1102
1103
850
1067
1149
740
1093
1078
1025
815
706
1024
1031
1086
758
953
1006
1149
1034
996
1037
701
1051
1091
1035
681
766
1046
1090
901
737
1007
1040
719
1033
1176
809
691
1007
1063
1020
1065
893
805
1078
696
1096
1046
833
995
1158
1190
734
1148
1208
792
1042
712
1163
1037
1069
1059
690
1051
1033
1103
1023
726
1012
750
1180
749
1013
1031
1070
899
1100
1063
884
720
1005
988
1021
968
1041
1060
716
1051
1031
721
1007
1022
1022
1036
1021
1031
800
709
1037
1008
1137
1113
1031
1025
1000
828
760
714
1034
1018
1096
1090
1011
1063
1012
1031
1024
1039
1087
780
1052
1013
1025
986
1178
1199
674
1039
1017
1008
1071
1027
977
1076
964
1043
1098
1140
1024
1005
1056
1049
1112
1026
1006
1023
1071
1049
1126
1062
1011
989
1016
1129
1106
1041
1045
1095
1034
1021
1117
1102
1027
1008
1008
1036
1141
1015
1167
775
1130
1062
693
1025
1021
1104
1105
1006
1060
1095
1165
1107
1016
1027
1372
661
788
1025
1000
1140
1121
1111
1032
1014
1066
1448
1062
1028
1090
987
1035
1045
1056
1043
1015
1097
1025
688
1022
1149
1037
1000
1040
1108
1174
1100
1182
978
1018
1140
1085
1068
1052
1020
1050
1056
1101
1049
1066
1087
1047
1018
1042
1125
712
1045
1017
1003
1059
1301
1035
1076
1131
1175
1068
1087
1095
954
1001
1055
1023
1022
1078
1005
966
1041
986
1121
1047
1029
1040
1015
1012
1231
1099
1021
1001
1023
995
1023
1036
1047
1039
1126
1113
1029
1052
1010
1060
1072
1033
1053
988
1030
1135
1099
1065
1036
1035
1002
1120
1063
1024
1062
1107
1057
1190
1042
1005
1068
1150
1077
1075
999
1099
1064
980
999
1046
998
1111
1074
1010
978
1025
1122
1119
1019
1024
1094
1048
1022
1047
1057
887
1023
1026
828
1173
1017
1008
1022
1117
1121
1173
1015
1007
982
1067
1030
1081
994
1020
1031
1071
1109
974
1035
1025
1040
1144
1981
1013
1084
1094
1031
989
953
1097
1168
1112
1040
1035
1120
1050
1033
1022
1115
1101
919
732
1028
1011
3572
1074
939
1151
1032
1031
1205
1126
1071
1060
1076
848
1027
979
1032
995
774
1008
1033
1009
738
995
692
688
1102
1092
1088
712
667
1087
1041
942
1066
1030
1047
1218
1077
984
1023
812
669
681
988
1048
825
1065
1034
997
1120
823
893
1158
1030
1036
1194
1106
1009
1008
1009
1017
818
957
1074
719
1047
1074
1022
1030
973
1060
713
1188
1081
1032
1126
691
675
1045
1062
1038
741
772
1044
802
1121
945
970
1270
975
884
844
969
1040
703
1007
