896
1278
1345
904
1671
1017
1120
1026
1005
1857
881
1300
1366
821
1303
888
1355
1287
1260
1380
872
1309
880
1328
926
830
801
1346
1353
912
1296
1450
1302
1311
851
1312
881
1314
1335
875
1337
1069
872
877
1454
1425
840
1493
1425
809
1331
1397
1284
1443
975
1282
1346
1320
1303
1423
1321
1370
1424
898
1476
1482
1519
908
1265
1308
1255
1436
1404
1374
1321
1373
1446
863
883
1369
1288
1310
962
1310
1267
1434
828
935
1556
1295
878
1031
1205
15062
1424
1329
1276
1437
829
1348
1347
931
1163
865
911
917
871
930
873
1284
1254
1367
840
1440
1326
836
2087
915
1028
1257
900
917
931
1066
1224
2737
1008
2776
979
1018
3770
1441
1011
1142
1274
1290
1223
1350
976
1129
894
959
1294
967
1278
887
844
870
846
980
938
973
880
994
1470
958
922
1384
851
1445
1272
1397
844
1283
1442
1412
1275
1345
1417
896
1260
1321
1241
1362
1249
1362
1380
909
1299
1303
1281
1338
826
1309
1310
1046
1410
1005
1258
1368
1365
1447
1271
1443
1306
1281
899
875
850
1271
775
1207
1163
924
1081
1116
1142
1250
1232
1128
1208
1192
1170
1367
1186
1141
1458
1145
1272
1339
1227
1209
1246
1199
1254
1244
1170
1176
1215
1283
1191
1095
1227
1129
1141
1151
1245
1320
1222
1160
1182
1181
1162
910
1197
1099
1072
1241
1094
1196
1018
1357
881
889
878
1335
1049
945
1375
823
908
1322
1165
1389
1315
1303
1305
976
1267
904
1291
1350
876
1258
846
1327
986
916
1278
1295
915
1330
1368
1317
1272
982
904
939
920
931
1009
899
886
1260
1017
1275
1287
1432
1289
1420
1296
987
954
1314
1278
912
1240
900
1297
874
897
1319
1361
859
1354
1028
976
1279
1144
1338
1387
1029
1376
1274
1329
1330
1326
1372
1376
929
1340
1256
1342
1328
1372
1229
1288
1258
886
1739
948
1458
1325
1294
1013
1338
1027
1543
1370
1402
1246
1365
1388
1265
849
1383
1197
843
1272
1228
1309
1312
1370
1347
1078
881
1406
1344
890
1321
1299
878
928
1285
1267
1205
1426
1467
1294
1323
1303
1323
1329
1314
1321
1400
1322
1331
1435
1315
1283
1379
884
872
1336
1006
1265
1347
1396
1286
1372
1432
1293
1439
1051
1337
1349
1315
1290
1458
1270
1346
1375
912
1331
1113
854
854
1321
1488
880
1329
894
978
946
1351
1333
1559
1299
1395
899
894
907
1342
852
1307
1278
1287
1397
1354
1300
1187
1020
1279
1349
1310
870
1438
1388
1290
1073
895
1285
1028
1335
1092
1286
890
1146
1291
1307
1388
880
1286
1373
1316
1440
857
1303
1288
1396
1343
1347
997
1335
899
1300
1291
1284
1375
928
1312
1790
1314
1609
921
869
1710
1395
933
1397
1041
1335
1423
873
1287
1290
886
1344
924
983
1313
1366
1317
858
903
908
907
1311
1368
887
1292
1013
1405
1066
896
915
1255
1346
1060
1000
829
1348
893
836
1309
866
1305
894
1431
1349
894
861
1287
1303
1345
1314
1033
881
1322
1405
974
1329
935
855
1363
1284
1059
1263
1328
896
1359
1394
1270
1299
1429
1322
1327
1421
1325
1556
1294
1431
899
1328
1480
928
1368
967
1061
932
1313
1450
1283
1344
1006
903
911
1354
1290
975
1305
864
1499
1283
1321
1294
1392
1430
1330
1311
1334
1465
1292
1321
949
929
1381
1408
1248
1221
1322
915
1427
916
1370
1299
943
1321
1422
1295
1340
1420
1319
1442
1289
1296
1439
840
887
1394
1275
1228
1477
1269
1601
1087
1284
937
872
1295
930
1320
1300
1086
1307
1304
980
1003
1360
1399
854
1298
1392
1345
1452
1297
1444
961
1425
1287
1418
1294
1283
1278
1394
1364
1224
1310
1390
1299
1333
1393
1275
1277
1427
1275
1380
1371
1355
1235
1305
1360
1290
1380
1327
1302
1310
1287
1319
1279
1364
1276
1330
1378
1279
1245
1403
1262
1239
1355
1359
1294
1395
1294
1287
1444
1353
1275
1261
1260
1281
1376
1299
1332
1371
1280
1295
1266
1267
1354
1298
1371
1271
1523
1290
1280
1294
1282
1269
1437
916
1414
1288
899
882
1326
1425
890
1354
1473
858
856
1292
1304
1291
1350
1303
1284
1402
1315
1298
1265
1311
1269
1341
1314
1334
1332
1370
1269
1343
1275
1314
1331
1272
1329
1132
1301
1274
1273
1277
1253
1284
1279
883
1160
901
884
1327
858
861
1267
860
862
935
875
940
865
870
1295
845
870
874
1318
839
1343
877
915
1343
906
947
873
876
879
890
953
912
917
841
1376
1488
1426
1381
1317
1397
1364
1320
1505
1293
1456
1322
1290
922
1324
968
1330
1462
903
1304
1385
1299
1253
1397
1285
1389
1315
1468
912
1291
902
1378
1371
880
1308
1319
820
1333
1348
862
1331
1278
890
1320
970
1397
1313
1301
1322
1305
1275
1407
1572
1295
1321
986
935
1338
1476
1272
1316
1319
1461
1374
1374
1242
1250
1416
1305
1426
1442
1289
1293
1423
1338
1081
1466
1317
1075
1552
1397
1294
1293
952
1438
1292
1297
1378
938
1295
1254
1388
1288
1287
1397
870
1360
1426
1405
1236
1405
1313
1320
1265
1430
1397
1313
1313
1422
1296
1336
1278
1328
1311
957
1292
1319
1449
1421
884
1283
998
1248
891
959
874
1338
1312
1316
1464
1305
1394
1413
1333
1338
1270
1292
1359
1355
1281
1430
1321
1313
1364
1447
1289
1326
1502
1368
1309
1280
1322
1489
1330
1318
1337
1254
1259
1289
1380
1279
1397
1368
1411
1283
1374
1377
1325
1298
1741
1315
1341
1410
1262
1365
1337
1345
1281
1261
1420
1359
1390
1298
1383
1264
1273
1429
1307
1274
1315
1393
1317
1300
1301
1280
1336
1268
1292
1273
1387
1295
1010
1339
1382
1417
1338
1397
1370
1344
1875
1298
1431
903
1335
1382
1561
867
889
1287
1291
1317
1290
1028
1160
1061
1325
1403
1294
1360
910
1300
1509
939
930
1400
927
1359
1133
945
1384
1060
1296
1009
842
1296
1360
1349
1346
1304
1371
995
1344
1466
902
1305
1059
1296
1378
1300
1341
1331
1387
1296
1370
1310
1308
1425
915
851
965
1511
966
862
1273
914
1359
1565
917
1332
1080
1311
1067
1307
1377
943
1332
1537
930
938
1414
922
1361
1307
1367
1353
1167
948
1322
1009
1392
