1845
1612
1711
1755
1634
1846
1598
1335
1583
1684
1635
1660
1646
1736
1780
1010
1568
1729
1584
1104
1113
1688
1240
1114
1640
1682
1554
1179
1607
1373
1668
1838
1578
1571
1635
1662
1558
1638
1648
1762
1620
1059
1559
1199
1073
1368
1688
1684
1692
1579
1147
1066
1680
1204
1570
1688
1022
1055
1702
1612
1643
1627
1683
1067
1508
1674
1610
1792
1055
1536
1567
1655
1170
1601
1647
1716
1633
1676
1049
1590
1067
1095
1668
1735
1764
1636
1135
1712
1588
1661
1061
1615
1717
1635
1706
1670
1618
1655
1596
1608
1624
1193
1020
1729
1098
1121
1731
1202
1081
1636
1874
1843
13672
21979
21607
1112
10557
3867
16450
17471
16560
8979
8824
7811
17385
9052
9320
8819
1192
9721
1260
1113
1075
1129
1096
1138
1128
1077
1217
1721
1643
1472
1335
1132
1404
1430
1080
1102
1088
1637
1105
1572
1615
1594
1653
1076
1060
1537
1577
1617
1748
1033
1613
982
1548
967
1395
1634
1637
1562
1689
1699
1179
1120
1048
1555
1030
1605
1124
1024
1653
1205
1115
1050
1752
1612
1554
1091
1060
1049
1449
1121
1674
1618
1284
1549
1524
1197
1032
1063
1441
1404
1477
1770
1513
1380
1522
1299
1487
1421
1525
1418
1429
1405
1358
1470
1451
1032
929
957
1466
1464
1514
1407
783
1005
884
1420
1599
1394
946
1463
1079
1352
1417
1392
946
1538
1472
1512
958
999
1357
1581
941
1735
1302
1530
968
1474
1119
1611
1265
1005
1627
1601
1557
1796
1122
1327
1180
1863
1051
1096
994
1659
1585
1088
1035
1692
987
1077
1086
1018
1688
1597
1025
1613
1575
1089
1583
1148
1152
1047
1596
1569
1083
1620
1072
1591
990
1610
1175
1542
1571
1081
1586
1069
1071
1068
1565
1181
1571
1598
1587
1572
1617
1653
1752
1582
1725
1576
1106
1607
1261
1660
1690
1653
1107
1700
1630
1642
1106
1893
1762
1322
1765
1157
1591
1732
1060
1587
1746
1560
1696
1609
1736
1089
1681
1175
1619
1600
1680
1747
1185
1054
1768
1015
1584
1641
1459
1152
1544
1132
1563
1196
1566
1586
1565
1580
1713
1617
1443
1048
1569
1639
1598
1220
1547
1641
1167
1058
926
1231
1596
1650
1040
1597
1651
1590
1638
1588
1099
1076
1633
1698
1695
1577
1697
1071
1673
1621
1672
1580
1697
1335
1617
1655
1578
1147
1475
1678
1234
1627
1126
1588
1302
1061
1627
1065
1593
1567
1594
1145
1578
1586
1519
1567
1632
1571
1255
1130
1582
1586
1639
1584
1102
1080
1024
1707
1557
1132
1768
1772
1678
1625
1048
1644
1649
1684
1690
1110
1268
1700
1149
1602
1552
1247
1071
1158
1557
1656
1618
1063
1105
1617
1261
1591
1247
1204
1117
1076
1603
1599
1369
1067
1033
1626
1163
1618
1645
1526
1173
1557
1470
1097
1717
1557
1554
1580
1686
1695
1629
1678
1704
1677
1628
1637
1616
1725
1617
1568
1647
1573
1611
1683
1717
1588
1601
1513
1140
1077
1037
1625
1122
1044
1127
1048
1033
1659
1183
1620
1121
1735
1192
1095
1239
1052
1055
1079
1323
1533
1100
1079
1094
1053
1544
1629
1611
1555
1422
1079
1576
1057
1121
1688
1057
1647
1646
1071
1708
1772
1122
1030
1091
1114
1030
1564
1617
1571
1555
1128
1231
1478
1067
1684
1584
1800
1561
1619
1044
1531
1136
1051
1136
1663
1560
1649
1558
1171
1101
1663
1112
1332
1160
1206
1261
1563
1694
1585
1652
1637
1087
1197
1610
1183
1597
1655
1024
1612
1557
1757
1154
1580
1649
1672
1041
1596
1058
1553
1671
1611
1187
975
1578
1219
1585
1297
1049
1784
1068
1066
1163
1564
1491
1558
1299
1040
1099
1634
1603
1662
1563
1120
1066
1639
1095
1076
1684
1572
1609
1091
1178
1195
1534
1288
1593
1397
1518
1726
1225
1724
1608
1068
1092
1213
1151
1568
1068
1404
1711
1169
1727
1157
1105
1059
1193
1071
1083
1609
1159
1665
1048
1035
1023
1064
1045
1068
1032
1651
1137
1134
1006
1679
1060
1625
1046
1223
1049
1098
1641
1707
1083
1043
1608
1619
1041
1684
1159
1129
1666
1141
1577
1070
1661
1711
1077
1572
1072
1084
1603
1709
1046
1450
1051
1642
1223
1650
1089
1361
1072
1022
1602
1093
1080
1075
1618
1070
1678
1143
1666
1130
1850
1628
1111
1069
906
1574
1583
1197
1616
1535
993
1581
1058
1076
1660
1620
1106
2106
1067
1570
1633
1628
1159
1595
1558
1078
1663
1028
1638
1058
1608
1548
1594
1726
1533
1607
1687
1560
1573
1626
1091
1546
1704
1773
1695
1650
1635
1151
1044
1595
984
2084
1661
1544
1568
1575
1653
1642
1581
1820
1545
1553
1609
1567
1643
1704
1657
1625
1593
1593
1119
1043
1079
1657
1699
1068
1669
1605
1685
1566
1597
1532
1685
1571
1623
1577
1568
1581
1839
1702
1615
1582
1599
1665
1043
1566
1587
1172
1150
1678
1145
1640
1077
1611
1038
1626
983
1689
1684
1605
1026
1035
1060
1016
1646
990
1650
1138
1597
1043
1288
1624
1635
1621
1084
1606
1623
1845
1185
1544
1069
1054
1781
1652
1044
1082
1111
1076
1729
1080
1024
1594
1111
1619
1129
1607
1109
1719
1079
1161
1599
946
1061
1041
1086
1051
1145
1656
1167
1623
1061
1051
1592
1033
1604
1115
1191
1632
1626
1080
1207
1122
1076
1053
1151
1086
1586
1561
1020
1698
1608
1626
1076
1184
1195
1620
1166
1682
1612
1103
1538
1034
1552
1670
1029
1070
1010
1045
1638
1604
1646
1622
1573
1596
1594
1637
1671
1638
1673
1573
1670
1532
1653
1610
1757
1439
1740
1587
1697
1629
1705
1752
1658
1719
1585
1173
1573
1012
1078
1652
1664
1634
1718
1631
1640
1573
1686
1548
1598
1568
1558
1685
1146
1648
1607
1556
1714
1593
1639
1645
1555
1686
1582
1647
1619
1789
1615
1570
1708
1578
1743
1617
1607
1595
1565
1637
1602
1628
1700
1580
1670
1564
1689
1593
1652
1690
1527
1670
1740
1577
1740
1576
1214
1633
1669
1611
1690
1616
1241
1605
1723
1671
1674
989
1032
1702
1192
1504
1055
1594
1570
1766
1097
1729
1041
1594
1774
1609
1151
1607
1721
1640
1288
1615
1714
1638
1586
1591
1709
1593
1264
1078
1158
1602
1602
1607
1547
1113
1076
1098
1149
1695
1594
1662
1618
1698
1576
1688
1559
1665
1108
1093
1627
1606
1168
1054
1624
1701
1158
1171
1662
1052
1610
1225
1643
1108
1668
1627
1624
1112
1536
1199
1334
1273
1587
1685
1556
1670
1613
1104
1655
1710
1630
1558
1592
1667
1670
1740
