53
63
63
61
53
53
56
56
55
55
54
56
58
54
54
66
54
51
55
52
52
62
52
50
56
60
53
53
56
52
56
56
53
56
59
52
52
53
53
54
55
54
52
56
57
51
54
52
69
49
53
68
54
54
53
53
52
55
56
55
51
51
51
52
58
51
56
55
49
57
53
54
53
50
54
51
60
53
51
52
51
54
50
50
54
50
58
56
51
49
53
54
56
52
58
56
55
56
53
54
48
59
57
55
54
86
54
96
49
48
50
49
50
51
49
52
49
58
50
51
51
48
49
48
50
50
48
49
49
48
49
48
50
49
65
47
50
50
48
51
49
49
48
49
47
51
48
49
51
49
53
56
50
48
51
46
51
47
57
46
56
51
52
68
48
51
48
48
49
49
48
46
48
47
51
44
49
58
50
51
47
49
48
47
49
49
55
50
52
50
53
48
53
51
50
53
51
52
51
53
44
49
38
42
51
40
43
46
46
41
54
43
49
44
46
42
43
42
62
42
44
47
48
60
49
43
50
47
46
55
51
56
44
42
43
43
40
42
43
119
42
42
40
40
44
44
57
43
42
40
51
49
50
70
60
54
52
50
50
50
47
49
48
47
44
49
49
63
54
57
55
50
47
49
49
46
48
48
47
47
44
47
50
57
51
62
53
50
48
53
51
51
50
75
44
49
49
48
49
46
73
81
66
58
71
62
58
75
64
76
60
64
63
73
57
59
74
55
59
68
47
89
54
46
49
47
49
54
47
71
53
55
49
50
51
65
49
50
49
50
54
47
49
50
51
51
48
47
50
51
79
74
77
72
92
74
66
78
68
76
75
70
85
66
95
67
72
73
69
71
69
71
79
76
66
73
78
72
69
69
66
65
71
68
69
71
69
71
73
72
66
69
67
71
83
74
72
81
76
72
62
62
63
57
55
57
62
79
78
56
63
63
84
64
62
56
60
56
59
57
60
56
56
55
58
56
53
55
57
55
59
55
80
57
55
58
56
57
53
56
55
92
57
58
59
55
57
58
59
56
63
59
55
60
94
59
56
81
77
73
62
57
56
56
58
59
56
57
56
54
58
65
59
59
56
56
56
62
56
57
56
57
56
55
58
52
56
65
54
57
56
55
58
57
59
64
57
57
58
56
48
50
48
52
49
47
48
52
46
47
51
48
48
45
49
59
47
48
48
49
48
49
47
52
47
47
49
47
47
51
51
49
46
74
64
45
49
49
50
50
48
64
47
50
49
79
48
49
53
54
52
54
55
54
49
50
48
48
56
50
50
47
49
48
48
53
48
48
59
53
49
47
49
51
49
47
48
46
49
45
46
67
48
45
51
51
48
51
50
49
49
46
50
51
49
48
53
46
49
54
47
48
49
52
51
107
52
48
48
48
47
47
49
45
50
47
47
50
46
50
49
48
48
46
48
48
51
57
51
47
50
48
46
51
49
47
48
53
51
79
49
45
46
51
48
47
45
50
50
50
49
56
52
66
53
53
51
50
50
51
51
49
50
47
51
49
51
50
48
49
48
51
48
51
47
49
48
46
55
55
46
46
48
48
48
47
48
51
49
50
53
47
52
50
47
47
50
54
48
47
46
51
50
49
47
48
50
48
46
50
50
48
51
46
53
54
52
55
53
49
53
52
50
84
51
49
45
49
50
46
47
46
47
51
47
49
47
50
49
49
85
48
59
59
54
55
68
53
53
55
52
56
51
55
58
49
52
54
55
54
49
54
49
47
48
50
50
51
72
50
49
65
48
51
49
52
48
55
48
56
51
49
50
49
51
62
59
58
48
50
49
51
47
54
52
48
49
45
47
48
50
50
51
52
49
47
50
49
52
47
59
50
46
49
53
49
48
50
49
50
53
47
83
47
51
50
50
45
50
48
49
51
48
45
63
49
48
45
48
48
55
49
53
54
47
49
49
48
54
60
54
47
50
50
54
50
49
53
45
47
63
49
48
49
50
48
47
53
48
53
49
45
46
49
48
48
50
48
48
47
47
51
49
46
48
49
48
48
47
48
45
47
53
53
55
49
49
49
46
50
48
48
47
49
52
50
50
47
48
59
49
50
50
51
50
48
50
47
54
49
48
50
48
49
47
46
64
52
50
52
54
49
52
49
52
50
50
49
49
50
66
49
58
51
85
52
54
55
54
49
54
54
52
50
48
51
77
49
51
51
51
49
45
49
50
51
50
52
48
45
48
47
49
48
52
46
46
47
50
46
46
45
48
47
56
46
46
48
47
48
48
47
46
45
46
48
49
52
45
47
51
50
50
50
50
51
51
51
46
48
48
49
49
47
51
67
47
49
52
46
49
47
51
48
46
48
47
44
50
49
52
46
45
50
44
50
49
49
46
48
46
46
46
50
49
51
49
49
48
64
46
52
52
46
51
48
48
53
47
48
52
52
50
49
51
49
49
48
46
50
51
51
60
49
47
56
58
47
52
51
49
53
46
52
50
47
54
76
49
99
45
48
49
44
46
49
49
48
48
47
