1923
1876
1967
1976
1306
2096
2178
2016
2037
1922
1942
2219
2101
1986
2043
2044
1946
2107
2107
2041
1973
2063
2146
1959
2076
2105
1883
1964
2079
1925
2036
1934
1925
1934
1933
1926
1972
1973
1980
2221
2083
1979
2025
1978
2067
2013
2049
1929
2036
1915
1944
1943
2051
1991
2357
1981
1987
1926
1968
2045
1896
1937
1993
1910
1903
2115
2016
1992
2015
1913
2018
1905
1934
2063
1949
1883
2067
2025
1919
1991
1975
1242
2043
2011
1951
1962
2001
1969
1950
2039
1960
2271
2016
1991
2024
2056
1908
1661
1978
1948
1333
1473
2043
1450
1434
1996
1403
2039
1358
2016
1303
1980
2026
1650
1308
1306
1409
2028
1356
1418
1482
1326
1376
1360
1321
1384
1449
1493
1331
2020
1327
1277
1272
2046
1985
1389
11296
1937
1918
1466
10173
1415
1319
1273
1249
1287
1276
1227
1336
1313
1887
1405
1214
2025
1894
1388
1924
1920
1322
1865
1735
1907
1277
1922
2072
1918
1864
1357
1889
1888
1129
1945
1315
1832
2054
1197
1506
1998
2000
1204
1336
1886
1949
1881
1938
1903
2224
2132
1137
1886
1965
1662
1927
1880
1800
1890
1876
1969
1252
2023
1523
1757
1833
1199
1818
1845
1170
1780
1747
1199
1721
1126
1788
1814
1683
1162
1229
1858
1375
1800
1143
1718
1672
1787
1097
1717
1203
1210
1749
1171
1703
1253
1791
1733
1141
1667
1307
1636
1752
1122
1158
1869
1118
1067
1748
1755
1725
1822
1136
1113
1933
1886
1954
1972
1942
1380
1278
1957
1887
1236
1945
1937
2133
1946
1273
1298
1915
1965
1974
1294
1240
1418
1313
1285
2036
1905
1993
1305
1932
1358
1856
1298
1912
1301
1285
1250
1323
1199
1269
1915
1997
1920
1982
2052
1932
1357
1927
1946
1361
2063
1246
1351
1339
1743
2079
1241
1911
2008
2032
2031
1680
1270
1924
1934
1368
2002
1964
1275
1866
1871
1699
2104
1303
1958
1373
1988
2046
1902
1468
1958
2062
1961
1750
1932
2027
1960
1946
1652
1239
1984
2058
1404
2013
1193
1925
1269
1685
1693
1309
2013
1865
1918
1688
2033
1394
2130
1244
1263
1940
1686
2021
1355
1288
1293
1284
2124
2051
1960
1965
1960
1958
2066
1948
1992
1994
1936
2160
1969
1881
1504
1937
1339
1381
1363
1371
1261
1941
1981
1317
1891
1404
1960
1272
1528
2161
1932
1981
1943
1871
1947
2023
1895
2029
2465
2355
2103
1930
2038
1966
1995
1968
1944
1939
2064
1918
1992
2053
1903
1980
2040
2012
1999
1907
2034
1965
1360
1694
1274
1253
2007
1977
1373
1951
2174
1286
1293
1958
1922
2014
1984
1949
1982
1905
1396
1910
1994
1965
1892
2000
2029
1926
2027
1990
2001
1946
2032
1898
1970
1951
1995
1959
1994
2046
1892
2038
1936
2043
1966
2022
1897
2023
1880
1939
1880
1971
1911
1965
1958
1906
1942
1900
1989
1980
1853
1958
1982
1938
1881
2012
1901
2037
1974
1899
1901
1979
1962
1938
1925
2009
1973
1341
1257
1177
2021
1877
1398
1256
1389
1931
1367
1833
1275
1940
1313
1334
1425
1285
1924
2009
1881
1614
1933
1279
1223
1760
2032
1450
1388
1320
1511
1905
2037
1252
1278
1326
1377
2078
1240
1371
1353
2015
1469
2018
2041
1306
1994
1738
1885
1341
1203
1310
2042
1236
1969
1928
1432
2089
1960
1538
1485
1926
2004
1889
2381
2082
1967
2013
2018
1984
1907
2004
1967
2008
1992
1930
1987
1913
1962
1939
2086
2142
1919
1881
1869
1913
1934
2068
1872
1985
1992
1981
1911
1966
1901
1994
1965
1960
1917
2024
2005
1883
1963
1903
1977
2078
1931
1958
1990
1918
1864
2019
1983
1896
2026
1807
2039
1960
1347
1398
1971
1982
1948
2078
2047
1236
1229
1217
1324
1235
1322
1238
1925
1215
1955
1209
1269
1258
1305
2041
1903
1246
1959
1334
2014
2033
1949
2033
1893
1916
1966
1354
1831
1974
1343
1935
1229
2044
1264
2388
1898
1961
1888
1965
1923
1955
2026
1923
2051
2026
2105
1959
1897
2002
2068
1931
1938
1906
1948
2112
1915
1862
1921
1844
1911
1855
1915
1938
1954
2068
1905
2046
1992
1922
2040
1951
1985
1961
2009
1281
1990
1808
1941
1862
1950
1875
1951
2020
2035
2161
1916
2047
1889
1966
1972
1895
1974
1969
1957
1939
1961
1950
1965
1426
1909
2066
1266
1954
1989
1860
1241
1881
1972
1908
1975
1886
1251
1359
2218
2066
1387
2010
1965
1589
1910
1344
1240
1943
1883
1916
1927
1515
1975
1264
1993
1458
1896
2000
1928
2000
1944
1869
1964
1999
1873
1203
1898
1326
1884
1906
1967
2061
1947
1286
1427
1874
1975
1213
1944
1907
1922
2041
1868
1988
2009
1866
2012
2026
1360
1925
2039
2016
1252
1936
1951
2069
1186
1349
1826
1271
1853
1939
1938
1992
1910
1932
1890
2036
1920
2020
1897
1956
1883
1920
1946
1836
2132
1909
14990
1977
1950
1972
2006
1930
1923
1898
2030
1958
1920
2099
1890
1942
1887
1878
2515
1884
1906
1892
1962
2171
1898
1958
1911
1963
2071
1946
1893
1941
1909
1998
1940
2061
1903
2062
2068
1664
2032
1924
1358
1992
1894
2000
2019
1980
1214
1867
2005
2039
1998
1889
1403
1268
1954
1252
1961
1903
1984
1999
2021
1890
2098
1382
1831
1334
1921
1826
2011
1297
1262
1239
1963
1265
1982
1245
1934
1888
1950
1339
1960
1243
1386
1269
1986
1231
1331
1340
1237
1252
2014
1340
1244
1892
1606
1506
1903
1219
2006
1366
1970
1922
1339
1338
1286
1936
1635
1233
1294
1274
8206
2019
1355
2050
1201
1874
1259
1972
1285
1942
1289
1982
1291
1878
1322
1319
1364
1244
1311
1917
1263
1297
1272
1924
1887
1363
1227
1905
1266
1991
1256
1263
1195
1216
1355
1997
1245
1222
1209
1346
1307
1374
1223
1267
1333
1313
1304
1274
1203
1114
1435
1957
1244
1917
1341
2004
1206
1247
1235
1224
1249
2027
1227
1886
1273
1995
1512
1952
1624
1392
1933
1316
1265
1916
1934
1988
1852
1985
2070
1904
1399
1933
2067
1987
1937
1998
1961
2062
2015
2050
2010
1902
2084
2023
1258
1927
1957
1303
1901
2049
1944
1545
1881
2124
1841
1985
1854
1935
1926
1945
2164
2006
2029
2052
2000
1500
1904
1983
1275
1899
1978
1911
1955
1280
2021
2077
1276
2034
1389
1261
2413
1957
1275
1929
1997
2005
1884
2043
1942
1932
2015
1907
1958
1900
1478
2056
1340
2099
1886
2106
2119
1901
1950
1964
2057
1908
1874
2042
2355
1916
1389
2036
1891
2078
1957
2015
2146
2122
1974
2138
1891
1951
2042
