6763
7338
7118
6872
7307
7215
6917
7075
6792
6900
6783
6874
6491
6714
6834
6901
7545
6344
6687
6910
6940
6585
6894
6630
7079
7457
6867
7115
6842
6760
6910
6919
7115
6732
7062
7403
7242
7627
7535
7198
6847
6496
6435
6918
7120
6767
7007
6716
6690
6569
7382
7382
7085
8665
8371
7902
8679
7353
6831
6928
7637
6934
6978
6984
7298
7378
6905
6667
7365
7399
6898
7004
6858
8256
8561
7995
7348
7225
7258
7017
7741
7078
6643
6517
7061
6602
6961
6524
6695
6668
6504
6881
6623
6560
6582
6828
6407
6838
6664
6930
6467
6571
6835
6594
6536
6988
7077
7028
6604
6912
7043
6846
6657
6548
6666
7015
7145
7366
7420
7285
7109
7745
7477
6793
7015
6730
7291
6914
8271
7024
6728
7808
6919
7051
7745
7120
7091
7490
6746
7299
6914
7187
7187
7069
6858
6797
6722
6485
6525
6614
6358
6740
6528
7002
6503
6575
6484
6601
7185
7005
6785
6685
6907
7534
7133
7157
8348
7423
7129
8346
6876
7351
7060
7248
6887
7157
6987
6731
6636
6549
7089
7645
7335
6921
6962
6998
6953
8144
7367
6891
7428
6621
7070
7434
6871
6449
7176
6809
6723
6864
