79349
78971
79186
79809
78704
78399
80463
80499
79444
79346
80602
78994
80865
80635
79668
81810
80335
78890
79238
79525
77910
79510
81459
80345
77910
79751
78378
81701
79710
81021
79332
80160
79810
82897
80115
86613
79450
78103
80425
78790
86997
80092
81339
82310
81126
82929
83199
83401
81765
81411
79344
78457
79492
84029
77428
79301
80463
78428
83293
80636
107016
81153
79102
108309
112233
97237
86480
79475
103026
99490
122474
98199
82940
90690
80769
77889
80103
79775
79331
109313
88710
87561
99769
79153
78920
80117
78907
79024
79825
82845
84453
80489
80917
80720
81245
85183
81775
81945
79295
81834
79916
87472
108174
86383
80613
79127
79223
80089
82942
76821
81729
80005
78582
81097
81086
82492
77850
83989
80984
79172
82400
85221
79904
80329
79201
78296
79463
79220
77996
80583
82005
79277
77759
79184
81876
79019
77594
78358
78951
79000
80367
79695
90202
88590
83836
78388
79063
83052
83611
81855
81137
80869
80292
81915
84254
85787
81705
89342
79943
81659
103266
85955
79877
81629
80733
78186
80046
80236
79516
81624
77455
78917
105551
90846
82520
80521
82467
81925
82916
90100
78147
80354
80955
83640
88538
83060
83366
133730
145294
93520
87383
86689
85436
83863
80997
78719
79579
79309
80675
94244
