10616
10622
10594
11148
11540
10440
10408
11198
11085
10672
10462
10732
10477
11212
11079
10741
10542
11355
11198
11207
10279
10811
10587
10831
11820
10943
11264
11671
11057
10711
10835
10454
10941
11140
11469
10573
10826
10317
10625
10533
10756
10517
10714
10762
11402
10727
10786
11729
10624
12249
11737
10719
12039
11152
10878
11026
10920
11244
10647
10888
10571
10710
10840
11285
10256
10406
11022
10729
10540
10510
10584
10348
10603
10762
11218
11243
10980
10811
10836
10952
11136
11088
10959
11190
10985
10981
11358
12905
17105
11175
11092
12619
12958
11450
10935
11359
12146
14608
16787
16259
13039
10684
10721
11094
10705
10448
10327
11165
10950
10733
11424
10889
11192
10695
10724
10639
10733
10702
10455
11114
10802
11064
25441
19802
17833
17481
14221
11320
10423
10752
10905
10771
10755
11253
11291
11443
11942
10879
10745
11689
11292
10760
12230
10704
12014
10612
11694
10940
11441
10548
12100
10574
11956
10998
10717
11290
10430
11580
10978
11263
10572
11035
11189
11491
11680
10935
10927
11036
10996
10636
11054
10790
10533
10995
11036
11106
11409
10782
12165
11069
10843
11685
11130
11321
10499
10865
10740
10469
10737
11207
11420
11525
10619
10525
10842
10396
11969
11287
11305
10919
