14002
13750
13747
13382
13702
13652
13880
13970
13320
14091
13727
16603
13558
13681
13460
12986
13937
16994
17278
17971
16846
13525
14028
14683
13604
13964
13812
14065
13477
13519
13349
14724
13729
13413
13489
15347
13449
13931
12672
14423
15829
13946
14086
13272
14526
13638
14058
13908
13451
13067
13778
13365
13563
13502
13443
13854
13208
15522
14160
15436
13457
13628
13999
13680
13256
13332
13596
14474
14084
13524
14077
13705
13924
13246
13573
14207
13107
13273
13262
14297
15283
14547
14052
13167
14818
14144
14027
12974
13272
13499
13423
13258
13681
13862
13842
13266
13983
13274
13683
13787
14454
14399
14475
13609
13501
14683
14308
13672
13903
13709
13493
14446
13686
13154
13395
12910
13450
13206
13827
14351
18728
15249
14526
13290
15755
14411
14313
20182
15837
16976
13866
13162
13689
12774
17007
13055
13871
13286
13421
13339
13510
13695
13460
13466
13377
13529
14226
13732
14158
16447
15746
13879
13292
13172
16317
13635
14452
14422
13605
13909
15081
14505
15441
18951
13865
14532
15115
13033
14243
14355
16995
13702
13403
13735
14196
16160
17031
17929
15666
22615
16593
13666
15925
14759
15547
15297
13617
13100
13028
14869
13977
14883
16170
15021
13765
13532
13442
14049
13742
14006
