19601
17749
18238
17933
17776
18016
19001
18639
18636
19338
17946
17126
20146
18083
18041
17526
17534
17986
19185
17888
18054
17533
17477
18924
17899
17411
17427
18125
17416
17786
17564
17589
18776
18006
18465
17669
16928
17575
20961
19087
17848
17657
17119
17476
17938
17731
17251
17610
17344
17346
17780
17246
17791
18011
17767
18078
17394
17216
17375
17460
17269
17411
18246
17657
18451
17797
17821
17919
17645
17242
18380
17993
17084
17282
17057
17229
17284
17105
18825
17302
19024
21468
19946
17511
16889
18430
17441
17267
17523
17590
17641
17602
17591
17118
18341
17247
17871
19644
17422
28808
17447
17992
17877
18624
18674
18676
17618
18522
20287
18866
19520
19101
19914
22617
19999
17719
18168
17899
18725
18336
23897
25429
29260
27846
18427
20373
18516
19374
18378
17446
17442
17206
19178
17773
17631
17560
17189
17385
17658
16860
17432
17241
17656
17230
17416
17077
18010
17751
17416
20409
18818
17683
17373
17335
17223
18266
17486
19182
17624
18134
18061
17851
17680
17986
17997
20885
17858
17670
18859
17500
17819
18265
19709
20502
17724
18572
19422
18629
18523
18119
18795
18112
17805
17619
17111
17969
17285
26681
17273
19359
20054
18248
17781
18425
19013
17463
17541
18192
18742
18906
