22645
23220
19877
20679
21693
21786
19896
21188
20856
21728
19507
22091
20255
20740
19931
20790
19872
20334
22059
21981
20332
23724
21731
19548
20169
24170
20933
20535
20054
42968
21809
21336
23426
34056
29933
22145
21013
21271
21272
20759
20225
19819
19764
19732
19854
19856
20072
19511
19877
20128
20147
20351
20395
20945
20323
20828
22301
21405
20566
21004
20577
28774
23949
21838
21254
21764
21473
21869
22410
21349
21281
22379
22913
21975
21104
24029
22606
22966
20900
21572
21529
24194
21107
21910
21521
21272
19729
19694
21078
22716
21449
21667
20984
20396
20106
20980
20321
21126
22855
20541
23348
20058
24188
24997
22195
20579
21065
20248
20003
21087
19901
19668
20202
19836
19841
19768
19673
19759
19736
19704
19655
20234
20196
23198
24697
19824
20831
20517
20630
20462
20214
19721
19725
19886
20064
20436
20050
19856
19978
20858
20824
21146
20777
21482
21029
20149
20610
22957
22840
21451
20568
22019
20615
20411
20196
19948
20136
19857
22686
27399
21475
19714
20015
19481
20925
23611
19610
21865
20221
19984
20027
19965
19864
19837
22834
20963
20368
22005
22224
21475
21237
21133
20088
21686
20064
20764
19538
19813
20038
20811
20352
21076
23263
20432
21034
20976
20011
20399
21040
20371
