23851
23275
23945
25312
24889
24079
26651
23664
23486
24032
23235
26372
26660
24951
24249
26180
24105
26068
23440
29120
24166
23103
23482
26471
23543
23172
25557
24208
24171
24177
23801
23294
22846
23289
22757
23471
22678
22987
23782
24096
23960
25911
30373
26019
23861
25137
23675
24503
24465
24113
23606
23820
24621
24390
23461
24571
23578
26922
23678
23096
23095
23957
23835
23198
23283
24717
33301
28084
23772
23718
28203
28032
27354
29211
27255
27147
23203
24178
24020
25926
23909
22911
23683
23432
23672
22850
23455
23187
22961
23109
24080
24396
27437
25036
25686
31306
30825
34463
24753
32165
24728
25154
23175
23624
23649
23632
25514
23502
23850
23033
23925
24770
23709
23361
23514
24065
24495
24700
23993
24585
24045
23361
23250
24174
23054
23523
23873
24215
24151
23346
24231
23501
23324
23575
23274
23797
23238
23464
28809
27746
23788
27682
24934
27948
24630
23620
23114
23279
23614
23141
23045
24774
23342
23331
24091
22929
23210
23419
22986
23670
23171
23507
23078
22887
23167
23052
22751
23692
24220
23388
23905
22837
23755
22959
23013
23445
23209
24022
23660
23890
23592
24651
24256
23862
23334
24160
23080
24614
27731
25367
24398
25242
24730
23446
26296
23231
26232
24156
24162
28924
