31946
28551
28135
28031
27097
28326
30604
28733
31622
35450
34315
31746
29316
27595
31175
29105
28035
27198
26991
26733
27407
27894
27840
27992
26760
26647
31653
32337
31089
38006
30176
28679
27490
27855
26775
27019
28161
27064
28372
27318
28274
27767
32189
27273
28906
27755
27430
29593
28594
28599
27551
29134
26783
27253
29443
27606
26707
28724
26957
26805
27964
27423
27067
27087
27750
27049
27330
27861
28053
28489
27723
32299
27586
27308
26893
27091
27183
27829
29500
30512
27155
32396
29325
27041
26901
26751
27274
28821
27576
27213
26545
26693
26611
26893
27691
27941
27338
28113
30713
28834
28405
28329
30481
28576
28125
27731
34126
28945
30126
29064
30123
27464
28569
32008
32815
27495
27092
27923
27194
28351
27852
27409
27484
27558
26866
27389
27700
26871
27841
30278
38139
27293
26572
28163
27859
28410
28770
27984
27129
28081
27036
26965
28326
29198
28235
28545
34526
31557
27770
34383
27395
27152
34691
31306
35154
41715
28014
26891
27208
26744
26732
27800
27659
26944
26874
27038
30553
28145
27105
26971
27080
28092
27638
27739
28835
26991
29884
27772
28246
26983
27218
28066
27284
29455
28788
28090
27326
27211
26987
27152
28715
27901
28601
27132
27834
27635
27515
26996
27491
30285
