29334
30494
30182
29663
30227
30348
30263
32491
31877
33351
30608
30717
32185
31203
31202
30607
30761
31609
30080
30792
31124
29460
31199
29898
30110
29748
29303
30760
31308
30817
35370
31608
35742
33893
31708
38038
31818
31387
31220
30859
30775
32167
32859
30875
30419
30719
30607
30625
30895
32268
30409
30256
31260
30380
30040
30653
30061
30315
30574
33931
30652
30606
31164
30892
30379
30046
36432
30318
30088
30412
32694
30732
30995
32452
30742
30561
30441
30631
30067
29810
30219
29757
30021
30624
31231
30132
30246
29917
31323
31226
31377
30883
30495
31811
32730
30474
34058
31911
32264
34574
30198
30456
29740
30690
32896
30263
31056
31183
30991
30510
30980
30290
30249
30757
30005
30637
30497
29785
31252
33261
29843
30587
32872
30203
30569
30174
30450
30623
31309
30981
29982
32029
30979
31122
30585
30199
31751
30412
30523
29974
29566
30677
30643
31067
30143
29510
31880
30553
29838
32804
30510
30699
30050
30068
30991
30019
30137
31732
34123
31769
31480
30367
30185
30315
32732
31099
29847
30194
30041
29737
30050
29962
30747
30118
30211
30385
29902
30500
29967
32845
31015
30561
31153
31049
31553
32547
31107
31341
31138
31345
30681
32467
31891
29959
32474
30008
30472
30361
29740
30386
