3070
3194
3250
3144
4266
4025
3769
3412
3572
3519
3459
3663
3324
3451
3369
3130
3661
3356
3816
3770
4127
3353
3468
3512
3114
3367
3333
3248
3453
3271
3300
3198
3173
3359
3326
3648
3484
3348
3574
3126
3179
3296
3576
3246
3132
3297
3109
3173
3413
3320
3284
3305
3334
3620
3202
3044
3476
3312
3201
3179
3312
3099
3441
4239
3434
3329
4033
3404
3435
3484
3474
3057
3333
3558
3405
3140
3300
3821
3401
3231
3236
3242
3538
3450
3286
3277
3137
3711
3441
3324
3155
3272
3325
3287
3110
3575
3448
3182
3378
3237
3442
3483
3526
3326
3574
3246
3792
3785
4347
4153
3272
4023
3388
3453
3332
3304
3242
3177
3875
3396
3197
3390
3363
3328
3652
3281
3274
3234
3226
3218
3431
3725
3369
3423
3373
3405
3429
3584
3259
3342
3106
3163
3353
3350
3234
3451
3298
3384
3177
3439
3485
3170
3047
3369
3361
3221
3266
3286
3323
3313
3216
3124
3193
3162
3385
3480
3712
3176
3465
3231
3419
3298
3280
3152
3570
3783
3372
3428
3523
3232
3434
3379
3357
3388
3466
3729
3298
3289
3374
3328
3845
3691
3288
3221
3333
3342
3250
3201
3219
3350
