34503
33589
33686
34085
34522
33586
33855
34825
34004
35471
35186
35811
39066
34535
34000
34695
35891
35667
38537
40040
33923
37167
33730
34071
33786
34188
34597
33188
33363
33708
33369
34246
33716
34469
33299
33845
34939
33566
33985
34250
34287
35424
34113
36146
34761
37459
36802
34309
33469
33286
33759
33696
37475
34985
33683
33833
33222
33613
33667
35040
33589
33371
33683
33696
34764
34832
33818
34433
34730
33849
40173
35653
35757
43179
35317
34520
33881
34269
34290
33511
34642
33513
34553
33823
34311
35930
34213
35380
36174
37215
38901
39973
39920
38968
41601
40842
42859
38076
37159
37110
39842
40525
37935
37857
36849
39374
44368
37331
37516
38004
39811
36613
36726
41614
39025
36183
35707
34219
36564
35114
61161
49813
41876
45129
70270
61453
72897
71129
65940
90968
88031
80958
53642
38709
35679
43865
50307
63694
62791
58761
63790
67068
48758
44568
45796
40380
36581
38272
37271
41853
42970
55816
44861
41489
39705
38755
40094
48883
39022
39789
60146
43838
34798
37596
37649
38827
34938
37841
35692
39480
40864
36208
36013
36911
34236
35091
34560
34582
37715
34896
34299
34063
36952
33774
34395
33341
33799
34258
33523
34356
33891
33085
34075
34281
34040
33950
41201
35783
34852
33727
