38105
37209
37590
38107
38102
39482
38632
36793
39777
37035
36607
36680
36545
36444
36704
36683
36373
36643
37470
37947
37099
36803
36584
38136
37249
40095
37174
37536
36061
37247
37537
36716
38286
37387
36407
37781
37462
37503
37371
36954
37405
36772
36015
36241
39852
36248
36788
37774
49488
55742
54054
56184
71576
42428
40098
47395
50298
38408
44712
57788
39827
43258
37507
47901
41109
38914
38164
36348
37828
38172
36794
37693
36659
37052
38679
40482
36904
44377
42063
40137
38710
36668
37653
36611
36991
36448
36079
36878
37249
36415
36993
45253
40700
42389
42085
49518
38896
45440
42906
38586
39081
36640
36203
36526
36885
37145
37185
36470
36888
36608
37497
36833
37724
43684
50485
41882
40605
53794
51016
39959
40057
46866
38276
47004
38563
36655
38149
53308
42305
46711
37185
36656
37541
36190
36849
37213
36426
37452
37496
37850
38077
42272
37135
44563
41001
38798
38834
38894
36721
39634
37109
36788
37080
35924
36753
38296
36498
37055
36006
36095
37784
36335
36923
39894
37221
34949
42027
41429
35792
38673
44448
42171
39912
39195
36964
37710
37230
38458
36515
36613
36496
36028
36273
37646
36874
36238
39256
36945
38215
36612
37324
35789
35126
36788
38322
40051
36884
37143
36753
36727
