41580
42390
39884
42059
45003
40641
40777
40750
40294
39550
39420
42553
42121
41209
43018
41856
39957
42032
41918
41162
42129
40813
40696
41619
44474
41364
41287
42987
41821
39951
42366
49112
42726
41517
44059
43678
44199
45715
42916
49910
46491
50588
46024
44436
43798
42452
43761
41906
43735
42614
43894
43040
45052
44133
44251
42598
42070
42573
45925
43938
44099
45505
43874
43896
46730
43657
43346
43915
43393
40990
42937
43585
42772
41410
43187
43045
42843
45631
44640
47249
43287
42187
45129
45588
72199
53017
47494
44832
43795
41932
43891
41039
40687
40445
41160
40607
41647
40691
41547
41985
42914
41535
40488
44284
40977
44136
40508
42958
41155
41179
40664
41253
42986
41286
40915
40933
40239
45932
40682
41975
42169
40019
41405
40952
39552
41131
42720
41565
42394
40696
40727
45317
41634
55127
53879
45275
41581
40333
40889
41278
41863
41571
46228
52257
43689
46373
40723
40708
42783
41694
43932
40860
41349
40472
41109
43029
41373
41502
41057
41451
40160
40822
40700
40270
40625
42036
40871
41293
42742
41277
42447
42790
50211
64919
47036
41757
42832
42261
41632
41493
41049
42306
45237
41266
40549
41631
41371
43461
40935
42326
42919
40814
44950
42474
42148
48313
47501
43880
41291
43830
