43166
43485
44161
42691
46518
44001
43285
46015
44506
44908
43800
43324
45938
44138
46461
44570
43701
44646
44810
44966
43662
45308
44518
44652
43042
44036
43498
43151
42903
43139
44033
44177
63595
48765
47255
49888
49865
44430
43471
43334
43429
43943
43141
43692
46228
42795
43371
45733
44448
44710
43950
44636
43349
42790
43498
43435
46257
47687
45192
51295
57906
44992
43361
43878
45771
43673
43431
45536
42995
44221
45062
43691
43489
43343
44204
44606
43502
46127
47608
46974
45785
44454
43753
43891
44279
52778
45578
43962
42863
43500
43374
43185
42638
43720
45550
44002
44173
45293
44837
46788
44753
43408
53483
43568
48629
51074
44791
41985
44622
43194
45128
43978
44350
42177
43713
43631
43645
45883
43796
43422
45308
47423
44391
43630
44743
44317
45458
44898
43297
44295
43467
43455
46580
43328
44300
44768
48228
45036
45488
45688
45606
44319
47726
49412
49190
46728
46909
45807
46220
43612
44027
46620
44983
45355
43829
42401
45913
42706
43213
43815
44368
44086
45773
44536
43949
43030
43233
44862
42928
44225
42478
45356
42007
42735
43067
51489
55703
47386
46701
43713
47048
43825
49801
47247
47850
51571
45673
43902
47340
51107
42888
51345
43884
43709
44005
47654
43586
44808
45781
43936
