49506
46778
47105
49478
56795
55481
59937
51803
48151
48001
51855
48785
47311
47209
54732
49794
48416
47673
48275
49449
47638
48434
55003
50598
53846
48134
47524
49808
47945
48285
47783
47648
49304
49961
47139
47518
48739
48057
48007
47674
51150
54471
49713
49083
50169
60648
48548
47726
49933
54985
48784
90694
51346
51389
59986
50212
54446
71336
58399
51367
48073
47653
47371
48636
62089
51150
59251
51400
48768
48446
49479
49877
48286
47279
47784
48640
48643
51340
55263
56395
60538
58811
72104
49831
53947
83903
51655
48435
49715
48901
48608
48409
49662
47815
69214
57557
48942
50848
47368
57059
48522
51964
48196
49461
50443
46612
48960
48243
49925
46690
48211
47303
47671
50203
48819
49599
48417
67833
60716
60292
81281
74085
59627
86706
61849
56946
48284
50046
49764
80772
50352
51975
51610
51392
47382
58632
65384
50635
48173
48189
47955
47599
47611
47374
47940
49237
50970
50561
48064
47332
46770
49038
50100
60752
64100
72629
77504
66467
53743
58788
48992
48047
47481
49123
48622
49090
48178
47736
47790
46795
46911
49271
47592
47506
48481
49687
53898
49286
60531
66676
54990
65879
54116
54371
75282
53836
81485
52269
56463
51323
50838
51603
49304
48069
51286
52568
62957
56772
57589
65367
