57987
53362
53940
52289
51766
52563
58589
67811
81949
66577
54558
60330
67391
74561
62077
67724
70799
73003
62954
54745
56748
53319
54035
53081
58827
55219
52210
53946
52760
56001
53802
54352
56542
52974
53098
52803
52676
75583
78792
62306
66089
64978
63862
59829
55675
54474
58616
65730
52268
55336
52589
54394
84426
54632
54251
52899
52618
52133
53089
54042
52509
52785
53568
72876
72806
62732
76980
63325
73435
94092
68881
59470
58395
62020
77674
60254
57777
65070
65843
65193
59125
53298
53395
56563
52160
52719
53510
53759
71217
68611
53817
56450
57079
89646
58280
65116
58729
73826
69164
54911
54496
60702
53727
53990
54858
51697
55499
57325
54616
55641
55646
52912
53834
52456
53378
54840
53426
61211
57383
54170
52685
53978
54593
56161
72502
84009
98828
84773
77210
64937
65056
53448
54746
52012
54264
52267
53307
54364
54383
53877
54168
54115
68149
57121
70154
78099
59316
54300
74602
65504
67999
55606
53632
54831
51893
60611
54237
66328
52527
53756
52105
53390
55563
53873
52590
54458
52547
53776
52721
56767
53520
53965
73105
72657
58646
52716
58633
52786
54500
68815
58324
54150
53543
52803
53576
53932
52712
53648
55171
55093
56690
61786
66269
53843
53574
52991
52583
52997
53627
57421
