55830
58489
58743
58207
60165
57302
56880
60736
67515
57953
56888
60488
66756
63266
61548
57839
58074
58765
57759
57395
56895
55573
57932
59008
60488
61878
55898
60215
59505
58404
56165
56553
57185
56486
56956
59824
61270
61084
57528
56750
57587
57014
58385
56650
57340
57525
56148
57038
58755
59340
59071
56530
59735
60585
61976
56934
63118
62171
57141
56745
56400
58170
57190
57883
57513
58281
56881
57565
58339
62015
58747
56458
59117
63805
66652
56889
58096
57016
57839
57267
58522
56420
59372
60328
58391
60782
57990
56843
59528
62660
62887
63178
59341
61266
57909
56912
56773
58254
59629
58489
59058
60492
58059
71336
60639
56339
57643
57173
57674
60473
57959
60196
63326
71523
57470
56745
67173
83368
82253
60875
57758
93216
69841
81662
57194
59708
81899
63292
75011
60621
59323
57703
65254
68971
75248
72481
59057
58335
60493
56345
56265
57212
58002
57219
57267
57578
57482
69957
74421
81194
85373
60913
93750
82585
90632
59545
57475
56739
58216
68536
59778
58402
59134
59741
58067
58049
61935
58495
57819
57545
104253
90624
81094
62123
56581
56379
58135
106355
84604
97569
60411
61809
73931
56759
58984
57324
61213
57964
88645
78002
81823
70667
60011
63500
59040
69264
69138
55619
56253
56351
