63788
62969
66108
74562
73964
64091
70158
62189
63892
63416
103804
115215
137301
137475
65352
66617
62816
62262
65680
90105
79223
77280
65221
66692
63507
64039
75447
64449
61633
75572
76291
63004
65822
68576
64559
63535
69318
63846
63979
76935
96297
76471
69579
64314
91998
82143
75215
63102
63630
63376
62806
67170
93902
70317
62218
63120
61962
65093
62086
63125
63531
62906
63110
62861
62482
64479
62744
66204
64472
68155
64041
67760
63302
61672
62991
61664
64786
65800
66581
62922
70343
68641
70703
78441
63808
64856
69990
64393
67749
63156
89357
77301
66342
68815
65485
63811
64392
64423
61291
61895
67799
64163
67496
78213
65903
63495
64487
62954
65409
65404
68944
64698
65027
61779
64566
72737
70084
74169
66876
65249
63354
61345
62531
63471
89367
121891
123783
103002
84641
66101
72807
71573
81441
64784
84994
67046
71381
63176
62669
62723
65467
65123
73350
76489
65413
63424
66315
63185
62737
62534
66001
61726
66125
66982
69620
62533
63230
79615
65735
63738
76909
79656
74783
63977
68750
63307
64031
62516
62631
79959
61900
68855
63442
63585
61207
79127
67569
65994
72332
63163
89504
69257
62331
65229
64271
69125
62034
82070
126553
84625
72008
63351
64883
64238
74560
71584
65005
62259
72610
67377
