84034
85031
69392
69823
68858
67667
71197
116758
72681
73546
84379
78679
73955
81403
69913
73524
74457
67094
69702
68664
68386
69415
68901
67946
67450
67332
69251
67974
69207
70086
90744
68230
70228
67928
72971
78266
81759
75401
77998
71080
70164
68856
72055
116050
131969
73588
75947
100604
91131
77268
84936
71263
73129
68915
66771
68282
87429
76411
73998
78680
68265
70079
67803
69018
68234
74764
68975
75003
86771
75372
75487
83101
88810
70480
71116
69590
68102
66020
69975
68565
77537
66073
91538
71083
98937
70230
85166
78019
69566
80963
76270
90789
98878
72748
80912
69710
69744
105213
75934
71815
67657
67769
68313
69271
75703
71867
69294
69202
70583
72886
68708
70094
96856
72645
67687
69562
77578
66846
79435
83379
78856
73118
66583
72470
77257
71993
73159
69236
67587
66011
68940
67483
69958
69414
69735
85237
83264
92553
70473
70160
67282
68798
71490
84516
69013
70226
67428
69897
70767
75292
68544
68465
67939
68438
66632
69970
72999
70577
67639
68420
67088
69474
76056
68945
69104
70495
72271
67064
69415
69003
82891
68606
66796
69868
67601
69501
70323
68817
68393
68682
70805
67566
68690
79171
68217
77426
68164
69108
69259
77768
74609
74696
66470
66813
68898
68505
68040
90706
69690
67146
