74462
75224
77962
91272
75123
87866
77908
86260
77403
95515
74851
80478
74961
76619
77132
78115
77174
75525
76502
74101
78164
77253
81345
77666
81518
80359
79708
76641
85705
74763
80598
76578
76417
76536
79111
77768
77133
86899
75267
79802
124947
75226
76388
75295
74794
79880
74833
76562
78801
99342
104375
83711
91959
101896
86780
85515
75651
76982
76879
77258
75647
77333
78597
120499
102511
104375
79586
74936
80733
116277
77180
77267
113260
101780
77631
79096
75914
100248
76243
83557
78223
75124
80882
78399
76892
76682
99455
104575
100948
96154
94169
101854
78003
75927
74850
80597
76252
75706
76357
78763
108899
78235
77572
122225
92383
76831
76447
76983
75452
76603
75274
97977
79886
79373
76839
75554
86519
158058
125050
79307
76597
77777
76535
75489
79439
78231
77494
77669
76396
75399
80407
74172
74848
77991
77930
104913
78019
80016
77037
76526
79106
75053
103737
111948
78947
76988
77200
74119
76067
77171
76679
112913
139911
96469
77625
78810
102137
117895
111583
95135
77540
78952
78592
76333
110451
80787
83827
76110
74825
75612
75879
76310
76128
83816
78179
77694
77196
78420
75654
79859
77120
79099
77897
75786
77886
74737
78355
78286
78192
78236
92900
76860
85484
75972
76302
74981
77625
77380
76961
76196
