7
8
8
6
15
8
8
9
13
9
9
10
11
9
9
10
7
9
6
9
6
10
9
8
10
6
6
8
8
8
6
7
7
7
8
8
6
7
6
7
7
6
6
7
6
6
7
7
7
8
8
8
8
8
7
7
7
6
7
6
7
8
7
6
7
7
8
6
7
12
6
7
7
6
7
14
6
6
7
8
7
6
7
7
7
6
6
7
7
9
7
6
6
7
7
6
12
7
8
8
6
6
6
6
360
8
8
8
9
8
9
8
8
7
7
10
9
7
8
7
7
25
5
9
5
5
6
7
5
7
8
8
8
9
7
7
6
6
6
51
9
6
6
6
5
7
6
7
6
7
7
7
7
8
7
9
23
10
12
9
9
9
7
10
9
9
7
8
9
10
9
9
8
8
9
6
7
6
6
7
10
9
8
8
6
8
5
9
8
5
7
7
6
6
6
6
7
7
6
6
7
8
8
6
7
8
8
8
8
9
8
7
9
8
12
8
9
7
8
9
8
7
8
9
6
8
8
8
6
8
9
8
6
8
6
7
6
7
6
6
5
6
5
6
6
5
5
6
7
6
7
9
7
7
7
7
7
7
8
7
8
8
7
7
6
7
7
7
8
7
8
7
8
7
7
5
6
5
6
5
7
7
7
7
7
7
7
7
6
5
5
6
5
6
6
7
6
6
5
6
7
7
8
8
7
7
8
7
7
8
9
10
10
10
8
20
8
7
38
9
8
8
8
10
9
9
8
8
9
8
8
6
9
8
8
9
6
7
6
6
7
6
7
7
7
6
6
6
8
8
8
6
7
8
7
7
7
16
8
8
10
10
8
8
8
9
8
8
9
8
8
8
8
7
9
9
7
12
8
11
6
6
6
7
7
6
7
6
6
7
6
6
6
7
8
7
7
7
7
6
7
7
7
7
9
8
8
7
7
9
7
8
9
9
7
8
7
9
8
8
6
7
7
7
7
7
7
6
6
8
6
7
7
6
7
6
7
7
7
6
5
7
7
6
15
6
6
7
6
6
7
7
7
7
6
6
8
7
7
6
6
7
7
7
6
6
6
7
6
7
6
7
7
7
7
6
7
7
7
7
7
7
7
7
6
6
8
7
6
7
7
7
6
6
6
8
6
7
7
6
7
8
7
6
6
7
6
6
8
8
10
8
8
25
8
8
8
9
7
7
9
8
8
9
7
8
8
8
9
9
7
8
7
7
7
7
6
6
6
8
8
7
7
6
8
7
7
7
7
7
7
8
12
8
7
8
8
7
8
8
11
8
8
8
9
9
7
8
8
9
12
8
7
8
9
8
9
8
9
8
9
8
7
8
8
9
9
8
7
7
8
9
7
11
6
7
6
7
6
9
8
10
7
6
6
7
7
7
8
7
7
7
7
6
7
7
8
8
6
7
7
7
8
7
6
6
6
7
6
6
7
7
9
7
7
12
8
7
8
10
8
7
7
6
8
7
6
7
6
8
7
7
8
7
10
9
7
19
9
7
9
9
7
8
8
9
8
8
8
10
9
7
8
7
6
9
8
7
7
6
7
6
7
7
7
7
7
7
7
7
6
7
6
6
6
7
6
6
6
7
6
6
7
7
7
6
7
8
6
6
6
6
6
6
9
7
8
6
7
7
7
7
7
7
6
6
7
6
7
7
7
7
7
7
7
7
7
8
7
7
8
8
7
7
6
7
6
7
6
7
6
6
11
6
7
6
8
7
8
7
7
7
7
7
7
8
7
7
7
7
6
7
7
7
6
7
7
7
7
6
8
7
7
7
7
7
7
7
8
6
7
7
7
7
6
6
6
6
7
9
8
7
7
8
7
8
8
28
9
9
8
18
8
8
8
6
40
8
8
8
8
8
8
7
8
7
8
7
7
7
6
9
6
5
7
7
6
6
7
6
7
7
8
6
6
6
8
7
8
6
7
7
7
6
6
6
6
7
8
6
6
8
7
6
7
6
7
6
7
7
6
8
7
6
8
6
7
7
7
6
7
6
8
7
9
7
7
7
6
11
6
7
7
7
8
7
6
7
7
8
6
6
7
7
6
7
7
7
9
7
7
7
7
8
7
7
8
7
6
8
7
7
7
8
6
6
6
7
7
7
6
8
7
7
7
8
7
7
7
8
7
7
7
7
7
7
6
10
7
7
7
7
7
7
6
7
11
7
7
7
7
7
7
8
6
10
7
7
7
7
7
8
7
7
8
8
7
8
7
11
6
7
7
8
8
7
7
8
7
7
7
6
7
7
7
6
7
6
7
6
7
8
7
7
6
9
7
8
10
8
8
9
11
11
9
9
8
7
9
8
9
8
9
8
8
8
7
8
8
8
7
9
8
7
8
7
7
7
6
7
6
7
6
6
6
9
6
7
6
6
7
7
6
6
6
8
7
7
7
7
8
6
6
6
11
7
8
6
7
7
6
7
7
7
8
6
7
6
7
6
7
6
8
7
7
6
6
7
6
6
7
7
7
6
7
7
7
7
7
6
