104
104
105
99
102
95
93
117
97
95
95
94
104
94
92
98
100
102
106
93
108
110
102
96
97
107
102
117
104
96
98
98
88
106
98
93
99
92
95
91
87
90
99
89
153
95
88
96
91
99
103
91
87
160
98
101
88
91
102
101
88
140
99
96
84
93
158
87
95
94
97
87
91
111
97
88
89
96
91
91
183
96
113
89
90
96
88
91
94
108
89
131
95
99
97
158
95
91
93
94
95
96
89
124
90
89
81
94
154
86
84
84
86
79
84
93
91
120
93
87
92
87
88
86
85
86
80
88
87
90
80
85
92
83
79
72
71
85
85
83
81
85
82
87
80
81
82
94
86
90
127
94
83
92
85
82
83
83
93
95
85
94
87
92
94
121
92
88
86
90
171
85
92
89
97
88
89
90
88
135
88
91
88
90
93
98
89
87
88
87
89
91
98
88
94
86
91
90
90
86
126
89
93
106
80
90
96
80
79
102
132
78
85
79
69
94
78
88
83
98
78
90
81
73
85
81
95
89
92
132
88
94
87
89
85
114
85
135
88
80
89
80
86
86
90
89
91
90
94
88
87
88
100
117
88
87
85
85
84
87
92
84
87
83
88
84
86
81
115
78
86
89
88
86
86
83
84
86
83
82
86
89
84
87
78
86
79
79
75
120
84
90
75
85
83
85
145
136
85
140
118
96
91
97
96
83
93
86
88
90
89
84
98
82
86
92
90
85
87
85
85
84
87
87
121
82
86
88
167
87
91
92
102
89
87
94
88
87
87
88
153
91
97
90
88
89
87
92
120
88
113
95
88
95
94
96
88
103
97
92
89
106
124
88
93
96
109
90
87
92
86
96
92
95
92
108
89
88
91
102
212
87
97
89
93
102
91
81
89
89
91
87
87
87
84
87
85
92
100
88
92
95
94
96
94
95
91
92
87
90
87
137
88
90
89
88
105
90
92
145
94
214
89
91
85
87
90
85
93
82
168
87
88
90
88
83
91
85
119
85
116
89
83
106
84
89
93
87
87
84
93
90
92
86
90
89
82
115
93
84
90
82
89
89
87
85
88
91
91
82
84
86
89
91
91
88
97
86
90
89
87
89
90
86
96
86
86
98
86
83
92
93
90
90
85
93
86
86
88
93
110
92
93
93
180
88
88
159
84
134
82
93
85
94
89
93
88
85
87
85
90
91
92
85
86
89
91
84
88
92
87
84
89
89
89
87
93
153
89
90
93
87
118
88
80
90
84
136
103
99
97
106
95
94
144
95
95
85
91
97
92
93
86
92
88
94
88
93
88
96
92
90
96
89
94
93
99
88
95
89
87
94
85
125
94
82
91
89
84
102
89
93
87
83
96
92
92
92
87
87
89
84
90
100
94
96
93
96
127
94
95
96
92
91
89
92
97
86
97
92
91
94
93
91
92
148
91
97
89
87
89
87
85
94
92
86
88
87
90
88
87
88
90
110
95
94
88
93
89
88
94
93
87
94
93
161
89
90
94
94
91
93
88
155
94
89
87
87
84
99
83
90
88
82
86
96
86
92
86
90
87
87
93
85
95
91
92
90
93
99
110
92
93
85
102
86
92
88
84
91
101
86
87
87
131
83
90
90
91
93
93
88
91
90
88
90
93
89
118
88
100
85
86
95
84
106
87
85
86
89
91
90
85
87
90
93
85
88
92
95
83
113
99
89
88
88
87
90
87
85
96
91
85
87
90
87
86
96
96
95
99
93
96
89
95
93
96
97
88
92
91
96
153
93
100
87
95
89
95
95
105
94
89
88
92
85
90
95
93
88
87
91
89
89
99
92
81
116
80
95
150
110
104
104
105
95
95
92
96
93
89
89
89
95
98
91
90
93
90
96
94
90
88
95
87
90
99
83
84
140
88
93
91
84
86
95
87
88
95
125
85
90
93
97
86
88
91
97
87
87
87
91
89
88
93
89
92
87
95
90
109
91
95
88
95
101
88
88
91
104
89
86
89
90
102
92
132
87
87
92
93
84
90
90
92
171
94
90
94
86
86
94
85
93
80
85
143
88
120
87
93
92
91
93
97
120
91
91
92
92
133
98
96
95
95
105
98
97
90
92
90
90
99
94
94
91
90
94
92
94
88
94
90
92
99
86
80
102
92
91
92
90
126
89
89
87
124
90
88
94
92
90
88
97
87
86
91
88
92
86
93
93
91
90
86
91
89
85
111
93
85
87
95
90
92
93
138
90
90
91
89
89
160
92
94
88
91
95
94
86
90
95
90
87
97
88
130
102
92
86
101
92
122
135
102
95
91
105
131
92
93
94
95
99
96
94
92
95
94
94
93
88
93
92
83
100
95
97
91
96
87
89
83
87
87
89
95
86
89
92
106
87
91
86
96
91
90
92
91
149
91
91
90
88
91
92
94
95
89
95
89
88
82
92
96
90
93
88
88
92
113
103
93
87
88
91
88
91
90
89
96
90
95
94
93
110
89
93
88
86
93
87
91
90
95
124
84
92
93
108
