185
242
160
161
176
166
147
155
151
145
144
220
163
156
155
164
157
151
167
146
139
153
141
160
161
151
166
161
165
253
163
174
154
150
158
147
165
141
164
192
180
154
175
194
160
170
159
160
173
173
161
161
235
164
180
154
156
154
142
182
153
168
157
157
211
153
146
141
160
189
144
160
160
159
154
153
192
144
146
158
157
162
170
152
153
156
165
161
156
160
150
158
141
150
154
223
145
164
151
157
143
144
143
148
151
131
149
148
147
211
156
148
141
148
149
132
132
139
173
132
187
121
177
119
127
161
132
126
257
133
133
144
151
129
175
133
135
132
125
150
132
127
115
132
129
122
126
137
124
119
141
145
153
143
151
154
139
137
142
138
141
139
132
154
135
140
138
136
135
152
143
148
137
148
137
145
145
145
147
143
145
149
135
130
146
204
158
135
141
141
150
138
146
143
187
138
141
179
148
148
143
142
144
130
152
132
134
138
155
140
139
145
141
142
151
136
142
135
142
142
134
184
135
140
127
135
141
148
126
139
135
141
131
201
151
138
124
144
139
141
133
131
128
138
116
142
128
586
120
128
129
132
155
143
137
150
125
126
133
132
117
127
128
137
130
134
137
159
123
128
121
138
124
133
128
132
125
136
130
149
130
129
130
168
129
134
126
138
129
132
133
133
130
177
129
131
136
132
147
129
142
169
146
169
176
136
144
141
150
139
133
151
145
179
145
202
147
148
134
141
150
142
151
130
147
138
147
147
151
141
150
147
134
141
160
146
224
136
144
136
150
140
139
136
143
130
154
145
141
149
203
170
151
149
146
136
140
165
150
150
140
185
138
150
136
142
130
150
136
133
148
150
154
142
151
149
146
136
148
136
167
131
154
145
149
137
143
149
144
143
148
146
134
146
146
147
151
149
143
144
142
153
147
254
136
152
143
144
143
140
160
149
155
184
141
135
150
163
134
138
134
166
150
229
152
189
148
148
147
143
151
143
140
151
145
144
145
138
165
145
149
146
151
144
138
138
147
138
137
139
139
164
132
140
134
149
139
178
127
136
140
150
159
142
144
142
143
133
176
136
137
133
145
144
143
149
168
213
150
148
133
142
152
147
149
143
170
163
193
154
137
149
151
145
136
156
148
148
140
146
144
149
143
148
150
132
131
149
125
176
157
149
146
139
139
136
133
139
142
183
146
159
151
201
149
142
155
129
204
147
146
141
145
159
142
134
216
146
138
149
128
133
143
152
129
134
138
146
145
175
165
160
182
148
148
150
151
157
146
151
149
142
139
148
146
145
151
164
133
152
153
139
144
147
146
141
142
150
134
151
138
181
135
147
149
146
145
136
157
143
144
140
148
142
141
147
147
141
145
142
143
147
150
138
142
143
158
148
150
138
147
141
154
146
145
147
148
179
142
143
137
145
161
139
131
143
146
150
132
137
169
140
180
160
206
133
141
146
150
137
149
162
143
147
147
146
136
136
136
136
156
148
156
150
192
141
162
135
132
163
134
147
145
153
137
157
147
165
146
152
145
141
149
146
161
154
149
214
153
127
148
155
148
242
147
152
145
141
139
145
148
148
147
144
144
137
145
137
149
140
130
150
144
152
142
140
142
176
130
136
144
133
148
144
130
142
139
193
136
195
144
148
154
142
158
144
147
147
148
150
146
139
138
150
148
135
144
140
146
138
145
147
138
162
150
148
189
148
145
140
132
151
201
150
145
149
160
152
133
146
206
175
145
187
148
135
144
176
147
136
141
136
144
143
173
141
144
170
137
148
135
171
126
148
154
151
144
213
144
139
147
147
196
141
144
147
140
150
143
135
144
145
160
147
137
139
150
146
143
160
153
162
186
145
148
155
137
140
146
147
141
145
136
134
148
146
178
136
189
147
133
132
135
149
415
138
181
139
149
137
147
148
185
146
206
150
145
150
149
136
143
143
148
135
250
134
139
147
147
144
147
171
135
151
138
135
178
160
148
150
141
145
140
146
144
163
143
141
135
138
150
148
144
144
143
150
138
157
149
216
147
143
139
145
138
142
144
137
130
157
143
145
135
131
138
147
139
146
150
141
180
139
149
147
200
152
139
145
136
148
148
146
149
145
151
144
139
139
202
138
137
172
135
149
140
154
128
168
145
154
147
142
193
140
137
146
190
202
141
149
142
154
147
141
160
154
167
145
149
137
147
146
147
147
145
142
144
145
140
133
148
170
189
140
142
151
133
134
134
144
147
140
145
139
142
129
131
151
152
133
138
139
146
146
142
152
162
164
152
145
146
150
132
148
139
147
149
138
167
146
134
143
152
153
149
175
137
143
148
145
147
146
143
141
145
143
147
177
136
147
138
147
136
145
151
145
144
135
136
145
153
163
169
141
137
135
154
152
145
140
154
146
144
137
136
143
147
139
149
147
135
136
149
145
149
153
139
143
158
147
144
176
136
143
142
151
149
150
138
173
145
181
132
174
130
142
163
146
134
152
150
151
153
150
154
146
146
139
145
149
