206
224
242
221
219
313
213
261
210
212
184
216
294
222
220
199
212
233
199
217
200
240
215
214
230
213
224
295
291
233
211
330
218
202
219
210
231
216
222
216
225
239
227
230
230
197
321
218
267
224
209
187
223
221
222
216
207
228
221
288
212
211
223
313
212
222
211
208
190
210
190
192
200
224
219
220
220
207
215
194
182
227
184
226
211
214
218
186
217
208
212
223
222
208
188
223
684
221
212
192
186
185
237
176
179
170
198
199
191
181
188
161
191
189
186
274
177
204
189
191
181
183
182
207
196
195
178
185
194
222
190
171
198
195
196
188
190
195
184
175
171
172
186
190
179
185
169
190
162
176
198
192
202
208
199
209
248
193
187
180
191
244
178
202
171
197
190
207
203
280
183
226
185
199
199
190
193
203
200
188
192
199
177
201
202
184
182
214
200
196
264
214
187
189
200
280
183
198
192
231
215
198
198
202
270
204
168
189
183
211
193
192
244
192
172
199
194
196
171
188
198
218
196
200
186
189
184
173
197
231
198
184
170
187
181
198
177
198
195
202
196
204
195
198
258
173
197
214
196
187
190
190
189
186
198
176
201
177
232
171
261
216
191
178
200
177
187
180
183
175
218
192
178
192
198
188
182
180
193
162
187
183
192
160
207
180
163
186
213
178
175
181
224
185
175
173
180
183
182
184
214
204
210
191
223
192
191
209
193
236
208
305
195
232
182
210
231
191
238
180
202
203
197
231
211
204
207
203
191
207
191
208
208
195
207
199
206
237
206
221
195
210
199
204
206
187
206
205
199
265
207
272
209
215
203
193
205
205
196
206
200
204
202
209
207
222
209
221
208
212
205
206
212
199
221
205
206
292
205
219
312
181
233
200
189
208
216
193
205
201
194
213
211
205
289
203
195
233
202
280
210
211
203
194
214
189
205
205
211
208
200
208
204
201
212
206
205
206
213
209
213
204
312
207
201
218
183
209
200
204
192
215
195
207
207
205
206
210
211
201
203
185
198
202
204
186
185
203
232
195
189
239
189
185
271
198
203
205
185
177
206
319
200
228
206
217
194
208
205
207
204
185
200
221
206
210
220
195
260
203
191
209
204
201
202
262
197
195
202
214
208
266
205
187
216
199
201
187
190
193
198
210
198
202
204
206
202
194
209
243
195
200
205
198
186
361
197
207
212
204
192
232
187
204
201
208
206
188
211
204
199
201
202
278
206
231
204
191
181
207
188
180
191
190
173
191
224
210
195
207
206
204
199
211
189
207
206
270
194
198
210
186
204
200
187
213
207
206
283
200
205
181
333
235
191
231
191
197
227
240
183
211
319
266
206
204
195
197
181
204
186
185
208
204
288
209
207
208
206
217
203
202
188
213
190
206
199
207
194
202
240
198
193
216
204
200
218
209
190
205
202
241
204
196
201
207
201
221
184
201
196
199
179
192
190
173
207
186
205
220
199
189
220
219
203
196
206
309
197
212
239
199
195
204
205
196
202
199
209
181
201
205
210
209
182
196
196
205
204
200
186
213
209
211
197
203
223
259
204
191
187
226
202
349
196
184
205
211
207
194
195
195
187
204
206
212
232
191
235
205
268
187
200
204
181
194
186
206
199
198
197
202
200
226
214
270
204
209
209
273
205
217
200
209
210
201
203
211
199
231
202
206
221
195
205
206
203
209
191
195
197
224
214
207
217
206
186
199
197
180
207
181
208
216
213
193
282
203
205
216
205
206
210
285
236
286
239
200
225
202
217
201
195
192
208
204
202
214
221
213
204
205
194
275
204
241
269
182
205
208
206
184
198
277
207
219
186
205
188
204
204
205
211
208
229
236
216
203
197
213
213
204
204
208
204
213
193
203
194
258
207
759
202
196
249
206
196
217
198
196
201
205
197
200
215
207
204
196
206
234
193
205
188
204
208
198
209
202
201
209
202
205
204
213
208
212
204
247
224
211
204
238
196
204
193
193
206
180
201
215
203
208
196
204
199
183
191
199
210
210
217
243
185
207
209
206
309
193
187
219
207
207
184
190
210
176
206
249
196
206
198
203
203
204
205
218
200
212
181
210
212
205
212
187
206
243
199
203
202
194
212
190
203
193
210
207
189
185
212
227
186
190
198
197
191
209
199
196
176
200
220
204
205
202
184
203
216
205
209
208
215
223
210
210
208
204
202
309
219
200
202
209
200
198
209
211
205
205
213
187
206
203
199
212
254
208
221
192
201
193
206
194
181
204
202
217
202
337
206
241
193
200
249
202
186
199
208
199
218
202
236
214
193
215
192
269
212
208
213
205
198
206
204
336
265
205
208
207
206
189
209
209
204
183
224
235
192
200
209
187
212
202
219
204
190
194
343
601
224
204
205
196
201
185
201
220
211
199
189
205
207
186
208
200
180
195
201
256
227
240
203
198
208
189
232
196
197
209
207
193
199
177
236
178
201
210
208
196
202
310
209
187
301
170
209
203
177
223
209
210
197
204
192
217
187
189
198
194
214
222
