282
293
271
259
238
294
292
296
279
290
302
275
287
278
267
303
265
283
296
285
287
284
302
371
241
305
243
295
347
287
298
294
284
434
424
280
261
420
286
295
301
277
279
293
281
253
308
236
319
259
298
287
268
288
284
309
389
293
291
257
288
307
253
283
354
285
273
358
298
279
312
278
291
337
285
276
321
286
309
280
271
307
289
451
364
340
268
294
284
278
286
279
342
271
340
306
281
294
284
283
233
253
239
273
209
239
223
235
202
249
242
238
245
239
248
213
286
274
237
318
243
348
242
256
249
308
228
253
251
236
322
220
252
255
250
255
235
252
243
362
210
254
244
232
261
261
236
262
240
244
246
267
244
286
301
342
272
267
264
266
273
272
264
271
263
284
245
272
273
234
264
270
268
284
310
273
296
335
273
307
264
284
278
242
273
246
273
255
288
260
274
273
283
313
275
282
309
269
270
330
275
231
358
270
269
264
297
251
247
251
252
246
273
254
251
248
242
227
314
240
234
245
205
252
225
258
244
239
233
265
328
219
242
297
267
284
257
301
231
253
242
258
273
396
235
248
327
235
255
381
243
246
245
240
239
256
244
236
236
230
252
281
238
273
237
241
238
241
241
237
247
236
284
250
235
238
240
238
234
240
351
215
282
225
249
364
239
241
249
239
295
238
233
240
240
250
276
241
241
239
306
264
264
278
248
318
260
262
276
262
261
233
273
280
259
472
262
258
263
264
268
283
269
253
268
284
275
266
334
267
256
270
264
388
252
244
289
309
255
310
266
280
295
263
249
238
270
283
248
268
262
253
308
257
272
267
245
305
266
260
277
233
281
266
612
259
251
271
250
262
275
255
264
253
270
258
258
270
282
268
225
257
270
263
247
264
259
260
241
253
256
251
261
269
269
293
259
280
275
263
270
259
265
382
247
269
266
314
263
271
273
249
243
371
269
262
253
250
241
242
259
272
265
260
290
258
254
342
264
263
342
262
265
277
267
265
266
245
270
248
464
257
264
243
351
271
273
265
321
269
268
280
268
259
334
264
261
312
260
304
234
266
265
354
280
280
265
262
260
265
258
259
232
263
247
267
270
337
235
272
282
256
268
227
264
263
266
266
268
264
291
261
266
267
259
271
275
250
303
259
257
250
261
258
296
258
254
279
259
282
262
264
257
237
286
256
311
293
259
264
242
272
259
265
230
261
271
255
274
262
257
289
280
336
256
266
269
273
273
351
407
263
283
232
261
247
235
264
259
242
273
356
261
281
255
279
280
260
257
262
324
264
271
250
257
267
294
247
259
270
251
267
343
251
275
280
265
262
257
418
273
264
261
246
276
266
246
270
235
296
248
269
283
287
233
259
340
273
267
287
260
266
263
261
267
276
263
261
261
258
291
255
275
783
241
261
244
242
263
262
274
234
296
301
264
267
263
277
259
270
266
270
266
322
264
274
252
275
259
267
268
271
274
270
264
312
265
300
261
268
263
276
228
266
301
275
268
265
247
273
264
262
232
259
297
279
313
270
301
282
264
261
267
263
261
261
311
260
267
267
276
268
232
262
266
233
248
265
262
316
256
250
277
263
319
268
264
266
257
266
271
269
267
264
262
265
249
228
270
265
253
264
307
263
248
296
257
255
259
228
256
242
340
252
264
359
261
267
261
245
259
228
265
270
226
295
261
264
246
257
313
261
256
275
253
269
251
283
256
224
259
262
348
260
258
237
262
264
294
263
257
334
267
266
269
252
320
251
360
250
253
255
260
260
258
354
256
251
256
272
267
369
275
255
268
319
248
258
284
265
259
268
257
258
313
246
241
252
283
266
263
273
265
240
266
246
324
266
308
281
280
311
276
495
247
303
247
278
265
235
255
299
298
271
258
256
262
254
254
342
258
251
282
243
256
254
339
245
257
250
264
260
266
250
260
259
245
288
272
258
246
256
255
272
263
262
262
263
264
263
360
268
279
263
327
261
333
254
341
281
248
322
253
261
263
320
264
276
277
365
263
276
298
275
266
320
261
266
235
260
269
269
347
260
258
321
267
284
258
263
243
259
272
294
264
284
342
263
261
364
240
286
256
252
275
264
273
265
271
275
294
267
264
249
274
277
266
281
281
265
264
263
256
301
238
265
304
263
248
266
276
264
269
272
275
230
263
269
255
250
262
266
250
265
329
267
266
258
262
263
285
288
401
325
252
261
302
263
251
267
262
269
297
263
247
260
275
265
264
295
264
255
259
268
268
262
239
347
245
260
312
231
302
272
242
235
229
263
259
265
265
241
265
293
250
262
280
239
263
292
266
281
263
232
276
256
270
283
287
263
259
267
284
271
265
363
265
263
240
266
230
300
263
273
277
270
387
271
251
270
270
262
271
270
264
275
265
267
272
317
257
260
265
267
273
327
285
265
265
277
261
245
280
269
304
301
265
262
267
281
275
278
267
423
297
269
272
270
236
262
257
327
268
255
266
267
268
268
297
237
297
323
263
293
268
278
279
306
265
322
