367
355
377
475
550
382
347
364
354
350
381
518
402
356
349
373
311
345
424
384
365
352
345
372
304
353
348
343
352
345
423
350
383
347
394
369
393
349
312
381
330
389
378
397
353
357
369
365
326
342
384
364
358
426
372
352
347
374
352
394
356
349
335
399
339
307
356
381
327
363
392
471
361
362
409
324
361
377
317
377
409
333
434
366
362
465
371
334
380
355
338
337
376
324
361
353
346
313
795
307
485
441
302
296
252
302
309
364
304
298
306
347
309
263
431
277
342
315
288
323
283
297
273
318
306
271
310
366
281
362
314
296
294
318
308
282
294
302
379
322
295
298
300
309
295
317
295
318
310
299
334
352
349
350
331
333
345
327
409
338
340
336
333
334
344
341
292
338
334
334
314
293
332
336
331
361
353
331
330
564
303
345
338
371
341
340
407
342
294
336
335
367
328
338
362
337
327
410
330
313
314
331
304
363
475
410
301
299
271
350
261
297
295
281
287
263
282
313
329
313
316
318
367
308
313
314
332
303
408
334
362
382
301
340
305
313
294
306
295
261
316
329
343
345
282
316
330
292
302
305
291
305
396
302
296
374
307
366
311
399
301
303
299
333
278
334
296
337
338
317
410
338
288
298
285
312
301
315
292
319
292
305
318
307
299
321
312
375
306
309
432
301
323
302
306
343
303
331
380
277
461
303
326
423
363
334
326
312
328
322
328
313
318
340
405
328
315
322
350
315
429
314
359
338
298
333
326
361
336
331
346
409
326
403
344
385
323
332
329
325
339
381
292
328
332
329
333
389
336
321
328
363
321
331
326
329
334
438
328
327
326
333
323
328
333
330
342
336
324
324
327
326
339
330
317
333
315
329
370
328
327
366
323
325
337
331
328
328
322
326
325
296
324
347
294
341
320
329
447
332
346
343
320
308
422
335
290
348
327
353
348
355
327
329
350
332
340
348
315
325
396
319
336
330
297
328
335
331
324
356
350
303
327
360
326
360
336
292
365
329
332
396
321
329
421
356
328
326
396
338
331
324
325
391
350
351
345
331
375
346
290
533
419
340
339
343
329
330
323
331
355
322
336
321
322
331
338
328
355
295
327
336
305
401
331
336
326
331
308
329
324
323
288
363
341
332
335
320
294
1034
336
316
326
332
347
326
377
335
318
324
341
327
386
317
335
326
398
315
310
311
328
331
370
382
331
457
322
321
341
321
328
304
327
329
328
325
338
331
325
326
345
348
299
325
326
305
343
362
293
333
405
342
334
301
329
325
334
332
316
357
329
313
348
333
310
326
296
321
331
327
326
333
418
327
308
365
323
330
338
323
339
344
327
365
335
320
323
328
312
403
310
318
405
324
310
324
346
373
326
401
321
336
362
335
295
325
342
310
345
307
400
326
411
345
295
377
322
333
340
323
348
384
316
326
426
313
329
333
322
420
326
333
322
288
326
329
330
332
328
332
312
297
409
349
368
356
325
380
321
328
360
374
321
327
282
315
318
331
323
362
306
328
313
327
447
418
310
326
335
302
320
311
325
303
324
328
349
352
332
321
322
375
325
308
322
310
325
344
349
319
550
299
341
354
420
348
323
320
344
458
336
276
282
321
326
322
320
319
312
331
289
322
319
345
461
344
323
313
308
315
322
330
296
327
330
430
354
317
324
323
323
323
333
348
349
325
341
422
301
384
327
318
325
322
333
324
327
326
324
341
331
347
427
442
426
343
293
489
338
316
349
357
327
318
401
313
318
305
322
306
341
410
316
323
323
322
349
334
327
321
331
322
330
431
336
1246
1263
321
438
369
360
320
362
332
343
320
356
397
321
331
341
419
290
349
336
330
324
398
291
324
327
335
324
336
340
326
333
357
306
326
332
322
334
327
327
347
325
329
321
359
321
326
370
346
322
328
331
311
346
332
300
347
329
334
392
325
336
333
329
327
311
326
327
326
313
328
326
325
331
326
397
351
322
347
342
321
296
340
336
298
459
335
331
326
342
327
342
302
435
342
331
333
499
347
329
401
961
332
364
349
340
337
356
436
306
335
344
370
288
333
327
323
328
326
338
328
350
459
298
360
321
464
315
349
335
353
358
336
311
323
385
344
677
334
334
303
325
319
357
318
321
401
305
375
322
317
325
338
333
325
315
315
402
303
320
318
426
318
316
399
306
345
349
320
301
350
331
325
333
319
327
364
324
294
327
316
325
281
329
316
320
326
330
321
348
356
322
333
310
324
323
324
312
283
333
283
333
385
383
376
339
376
326
327
324
293
296
467
375
328
312
330
337
441
343
324
405
333
376
373
313
298
326
336
332
349
327
383
310
349
331
332
357
328
334
319
315
297
341
343
307
366
329
335
352
331
320
423
313
329
333
320
335
346
315
337
358
318
329
342
348
342
330
340
331
362
365
327
330
328
337
331
303
336
328
334
315
300
320
375
298
329
386
294
329
338
327
333
316
392
325
331
410
328
343
350
324
328
352
332
318
364
407
327
335
329
339
315
329
340
