454
415
472
425
463
459
490
384
437
484
429
447
430
451
428
429
406
564
433
415
457
478
471
439
589
418
414
376
461
503
411
490
374
437
472
421
453
441
695
434
456
532
454
459
450
456
437
469
506
526
442
400
529
505
401
376
440
636
416
430
442
420
411
415
373
437
418
419
424
423
447
418
412
452
430
472
424
440
483
442
388
409
440
394
426
439
462
447
458
430
439
441
424
592
430
425
512
448
428
461
348
424
363
383
347
376
352
396
420
363
556
380
351
350
385
391
355
422
314
361
359
396
353
370
356
373
346
403
448
368
374
472
351
376
369
382
349
356
290
376
352
386
421
366
444
356
324
406
357
379
403
410
391
413
413
399
483
433
382
394
387
509
397
411
404
446
467
363
407
394
391
401
399
456
391
428
385
413
400
405
450
414
394
477
460
400
402
409
508
419
401
406
402
369
397
495
368
386
392
418
365
369
444
484
395
463
379
413
399
363
390
377
367
391
316
360
347
315
364
444
491
450
413
374
423
423
434
482
455
559
374
549
782
500
376
501
375
439
361
378
379
366
402
424
414
395
480
382
378
458
353
449
367
329
386
381
357
376
402
369
376
441
367
366
493
366
360
372
366
354
386
334
420
356
351
356
541
505
343
357
457
346
328
382
366
354
396
357
514
534
441
379
356
366
387
401
367
393
374
369
400
427
404
356
466
381
364
385
412
396
400
400
386
526
410
413
416
395
394
392
394
398
419
455
468
413
397
404
413
408
411
364
434
401
401
401
493
396
401
395
399
430
413
873
492
398
388
453
387
408
379
396
360
406
557
469
392
481
396
397
388
409
404
427
388
424
439
399
390
394
395
386
390
399
474
418
394
384
634
383
445
350
374
424
388
423
397
438
429
421
484
397
398
456
387
454
390
402
401
382
408
394
400
470
400
420
483
498
391
393
404
379
393
408
411
484
388
423
394
391
398
390
393
396
380
400
394
400
385
397
387
436
388
390
395
397
389
444
452
384
391
515
371
388
389
371
444
410
374
397
442
361
391
436
425
393
407
414
424
487
402
484
388
361
376
426
397
408
393
395
452
421
394
361
427
392
360
404
487
444
390
389
388
415
411
412
411
413
414
435
388
391
389
397
356
404
383
393
415
400
417
421
407
408
481
424
357
556
398
433
398
392
480
386
542
383
492
390
407
465
392
388
397
349
400
409
371
403
354
393
402
393
438
392
391
491
393
396
439
392
399
454
389
409
446
370
397
404
396
390
397
408
386
394
395
434
422
553
404
408
388
409
368
395
444
422
424
374
431
355
379
394
428
390
394
409
445
413
384
372
436
406
372
390
363
426
393
395
422
432
414
395
394
403
375
416
423
407
393
440
430
390
386
400
446
402
384
399
369
405
393
614
415
411
419
438
520
385
386
491
392
399
482
393
527
421
433
394
353
401
393
365
404
389
396
393
422
394
419
428
393
433
466
461
451
387
395
384
446
401
389
399
510
401
410
413
383
510
385
389
543
386
379
394
388
389
406
409
444
434
378
392
390
397
452
1550
418
357
405
384
391
358
377
397
432
396
410
416
399
455
428
497
421
443
481
384
391
414
425
398
396
405
505
418
402
391
395
353
401
386
378
394
396
510
410
408
421
425
402
402
417
412
386
371
431
412
376
381
396
381
399
382
400
395
386
398
384
406
409
473
356
461
390
353
441
398
369
397
385
464
398
349
387
428
359
415
399
384
396
387
385
420
422
400
395
391
386
421
377
385
393
391
382
426
400
385
527
388
384
386
476
407
384
382
380
461
442
393
391
413
402
381
420
475
388
381
379
344
395
505
429
394
362
393
350
417
396
399
392
396
391
401
491
393
384
407
490
417
395
401
389
392
394
534
514
420
397
538
493
452
374
421
400
395
388
406
407
417
480
397
367
395
465
724
392
405
398
428
408
395
411
378
352
392
417
393
391
453
403
393
395
491
400
392
403
477
452
396
443
478
417
396
390
409
397
377
371
423
355
378
407
389
376
419
385
400
397
393
476
526
394
417
400
473
573
407
395
395
394
389
413
346
396
456
357
390
400
401
385
400
490
433
397
392
391
400
432
412
453
397
410
398
502
368
423
387
537
511
434
479
441
407
460
407
399
389
431
383
435
390
390
385
430
404
419
382
456
392
425
384
395
378
471
385
414
377
389
463
384
388
389
349
382
397
453
406
400
408
402
504
472
400
421
396
389
416
489
410
420
385
417
388
392
428
394
409
393
433
395
397
507
446
390
410
390
450
418
395
350
397
392
418
382
425
407
495
393
407
414
414
397
420
442
396
398
399
393
396
396
463
459
397
398
429
400
411
538
404
403
404
404
390
415
397
411
401
792
397
393
398
398
396
418
737
594
419
412
410
439
465
405
394
423
400
398
512
356
403
394
448
387
406
408
358
425
474
412
433
397
399
398
412
405
402
337
401
392
426
401
552
399
383
402
366
355
405
462
455
389
404
416
455
536
409
490
399
470
402
411
941
