607
519
487
506
547
481
444
496
516
460
547
445
508
466
488
487
501
502
554
512
466
457
453
438
489
504
465
458
581
510
633
463
430
736
488
456
493
482
447
435
544
577
512
452
475
455
454
454
438
498
439
464
428
542
567
441
462
496
427
442
440
513
455
437
471
503
477
440
476
515
514
462
465
502
559
433
434
453
531
510
453
554
526
447
438
514
535
440
451
498
464
469
542
468
471
423
439
521
442
440
475
449
395
388
396
375
512
413
385
449
386
414
496
410
424
367
392
381
601
372
406
370
343
518
450
408
350
474
615
529
512
493
517
441
405
383
371
477
354
368
344
385
360
405
386
394
489
479
451
380
470
469
457
452
408
613
456
436
488
489
465
443
504
516
466
449
493
486
449
410
733
441
454
424
496
477
474
473
443
576
472
458
476
449
448
554
478
464
480
460
697
453
443
478
603
473
475
470
463
488
543
440
412
694
493
443
491
540
494
455
438
461
433
499
447
436
418
407
443
443
448
436
494
484
538
443
455
684
457
480
402
438
429
524
452
441
455
432
495
438
443
482
470
452
509
548
521
552
491
431
440
478
442
431
452
443
475
466
490
572
417
465
379
437
420
461
463
415
431
416
692
420
422
547
485
428
481
432
396
417
425
475
417
381
409
465
438
633
462
445
412
423
391
432
398
434
427
409
414
557
469
482
478
475
485
559
560
474
520
625
591
537
461
474
475
470
480
523
464
466
482
621
507
465
472
465
650
473
475
431
479
468
465
529
460
470
482
516
469
505
496
490
486
515
517
458
418
469
463
488
456
493
488
460
473
500
441
464
500
457
463
449
456
455
440
505
438
445
439
473
476
470
462
445
437
758
450
458
446
471
489
468
447
478
446
461
415
515
478
483
421
463
471
472
430
492
476
563
449
420
466
466
468
461
570
465
471
466
460
477
455
467
475
492
468
453
452
477
525
499
469
461
543
562
474
468
470
479
457
8279
468
480
444
474
477
533
446
469
419
454
463
496
458
458
474
463
485
458
481
455
504
478
488
465
456
466
603
482
462
472
477
376
474
493
461
453
451
451
449
638
561
472
455
453
612
456
461
458
470
528
482
539
489
490
442
450
519
450
457
456
546
566
595
588
452
456
458
453
449
473
517
492
422
479
486
448
476
470
449
559
465
436
516
449
459
494
583
521
503
491
468
474
463
467
474
470
434
566
518
626
446
543
473
560
560
462
455
454
480
456
517
452
462
457
455
645
466
459
493
492
449
456
455
504
537
470
488
503
470
484
502
487
483
471
504
566
578
510
513
460
458
650
509
454
457
425
567
436
592
512
553
514
615
632
526
452
425
468
484
450
466
581
463
412
518
474
518
587
495
455
463
558
552
611
473
468
544
485
434
533
541
463
424
451
461
477
470
488
575
519
464
463
563
538
441
503
524
532
495
504
477
472
488
457
443
455
462
451
462
464
497
455
491
457
470
453
511
502
480
472
459
461
468
461
653
472
446
586
459
503
450
483
443
460
464
463
493
467
488
456
447
459
458
464
492
477
411
456
487
459
463
553
607
470
526
455
471
478
601
456
455
441
450
455
437
455
456
471
495
476
450
471
469
485
507
463
498
502
451
470
465
597
492
560
479
431
506
525
520
580
549
485
512
410
471
431
576
536
494
468
463
531
478
494
476
462
459
486
592
475
468
537
594
585
592
543
467
461
453
453
510
537
484
491
463
466
461
516
475
453
455
622
438
612
501
451
562
455
476
493
463
461
485
594
486
453
452
475
451
457
444
466
491
460
544
555
482
484
454
534
456
441
460
476
468
448
421
480
471
515
565
569
431
607
455
593
488
531
554
457
465
497
479
534
441
486
442
513
600
480
499
486
447
472
462
492
466
636
654
495
487
478
464
601
477
459
458
474
469
453
466
467
442
485
464
463
537
544
531
470
485
455
465
486
484
467
452
509
602
456
523
589
580
563
593
538
502
608
457
625
458
466
458
477
551
461
416
457
463
475
459
473
462
475
485
478
456
534
551
534
455
572
466
656
476
472
469
464
462
444
463
488
466
456
482
545
465
519
535
483
460
558
608
593
437
647
561
456
457
433
417
454
561
443
445
468
464
483
685
455
534
468
469
458
495
469
456
573
472
454
578
531
482
464
443
523
510
455
477
435
430
472
471
463
450
456
458
441
460
474
488
521
452
569
609
494
473
460
456
497
468
476
477
469
423
456
422
457
458
470
438
471
560
500
467
446
469
463
490
545
479
453
584
540
418
457
466
564
474
482
486
485
478
478
446
461
512
498
481
559
490
498
483
443
465
452
492
507
474
474
690
463
456
474
463
491
485
525
527
491
489
470
490
480
472
479
467
531
474
464
471
515
463
494
478
622
414
482
508
496
455
438
561
570
490
592
627
508
590
472
477
468
688
486
486
469
462
497
483
473
540
494
477
468
533
476
502
513
468
483
691
469
459
425
458
490
512
469
496
484
505
506
458
544
551
517
477
554
602
507
