549
608
563
562
653
618
595
645
566
551
518
547
567
614
685
696
601
595
645
568
540
601
533
568
575
576
617
657
570
729
670
521
623
620
617
525
574
576
642
655
693
570
619
581
1004
648
636
621
618
576
572
542
522
617
587
480
509
508
585
591
636
596
584
600
703
648
575
574
619
575
594
555
543
586
610
572
586
576
570
645
642
575
618
613
535
631
582
508
523
601
592
546
601
631
547
547
524
613
477
549
466
492
452
520
578
522
454
465
472
593
415
525
462
525
546
472
460
464
489
495
476
492
511
467
540
523
412
545
576
483
480
487
509
491
467
544
539
462
492
445
469
471
448
527
508
441
467
476
461
510
510
548
573
561
597
546
558
585
651
604
574
652
521
555
528
527
555
597
540
603
540
602
591
535
551
526
554
624
570
598
535
596
541
603
503
525
491
527
516
603
636
542
541
561
540
561
503
567
544
515
611
500
526
495
512
466
605
538
538
521
627
531
522
527
513
582
651
549
540
599
679
499
554
590
670
697
560
526
550
559
459
455
703
666
513
490
517
553
523
496
575
525
541
528
582
542
621
579
628
585
484
500
557
491
480
500
490
491
479
532
490
500
510
485
611
477
502
473
537
515
486
508
505
488
458
467
587
535
496
478
584
549
497
519
511
526
486
650
515
530
529
453
523
564
553
566
515
471
578
650
541
537
551
537
591
581
601
550
529
573
679
552
762
684
710
625
563
566
706
579
542
515
532
731
569
525
549
500
501
569
578
782
569
526
583
672
556
672
745
569
558
662
597
587
557
564
571
554
571
576
539
538
546
556
571
527
577
12296
626
598
627
598
681
594
667
578
539
513
561
515
533
509
528
734
558
530
622
611
522
480
544
512
564
525
526
529
565
551
528
508
604
545
571
516
538
534
522
510
513
532
521
522
560
603
609
604
577
619
544
542
559
541
599
551
531
557
556
546
582
632
637
572
634
572
675
580
453
544
607
672
578
548
527
617
568
550
559
711
653
616
592
545
586
547
579
583
565
578
578
606
556
572
680
592
572
522
585
533
586
559
570
544
554
711
643
567
579
508
601
518
556
573
575
535
550
586
644
794
611
556
586
539
729
695
625
580
528
566
692
608
678
539
632
578
605
650
591
554
585
576
553
552
525
543
536
547
534
663
592
573
535
554
759
714
874
523
609
595
514
540
553
553
537
557
575
625
565
514
566
582
545
585
513
631
650
623
543
572
579
527
549
544
572
551
484
528
555
632
566
553
484
515
509
524
536
594
690
633
566
577
530
628
585
557
631
571
589
559
694
606
751
550
681
632
587
599
464
581
633
527
739
641
557
581
592
572
563
581
527
710
560
518
547
560
638
562
679
714
588
558
677
550
632
544
602
580
519
571
589
575
685
618
576
521
556
540
565
570
547
566
570
634
637
562
501
603
514
586
518
589
676
641
582
544
534
500
600
624
516
689
547
545
608
642
593
645
537
709
570
680
563
663
571
576
563
533
555
619
589
536
514
582
573
591
530
569
678
690
573
593
663
605
584
606
695
589
683
655
532
544
582
538
557
556
530
575
598
589
631
576
589
567
563
597
648
568
554
581
568
563
524
555
685
561
558
576
578
619
671
693
583
591
630
654
561
538
561
575
585
536
619
546
574
581
580
559
640
973
609
588
557
545
626
591
674
600
575
630
736
578
619
555
594
564
561
689
537
527
566
599
562
556
532
606
548
687
750
536
647
592
524
707
559
611
622
555
572
620
676
604
570
574
548
516
547
575
559
574
532
657
586
544
634
550
647
572
598
688
618
592
572
549
666
598
589
562
525
588
608
592
567
540
703
571
557
614
533
501
556
539
545
569
568
590
554
568
672
542
623
536
534
604
737
589
658
548
521
563
556
656
666
744
570
557
552
677
504
579
650
665
575
822
592
578
635
561
541
542
573
605
636
693
549
561
642
595
589
781
532
661
501
610
497
563
599
638
594
542
602
573
557
613
664
531
594
690
593
695
542
567
644
686
695
557
660
609
590
618
657
570
572
584
586
576
568
531
510
483
536
568
673
632
572
584
674
575
561
554
561
624
609
629
587
588
530
604
569
717
666
577
548
693
602
663
569
624
495
590
574
518
623
548
557
533
568
545
565
586
604
579
562
535
514
599
619
570
565
544
573
658
574
577
554
653
622
619
571
807
644
579
714
708
679
518
706
576
662
558
551
556
550
642
527
604
563
572
640
571
637
568
581
565
609
668
598
555
609
578
533
558
667
559
558
612
568
597
644
592
543
647
668
562
557
549
557
559
577
587
765
580
625
546
577
578
583
592
552
549
579
539
567
577
587
658
772
589
595
544
469
595
638
598
585
592
589
563
549
567
579
594
612
587
569
565
514
580
556
670
610
615
711
549
671
562
623
601
560
570
592
542
584
602
607
609
601
626
776
600
638
590
629
593
551
581
571
597
547
589
610
569
839
623
597
664
663
699
548
576
559
596
582
587
597
567
592
587
562
573
677
586
