57
48
48
49
50
51
45
46
45
47
43
46
47
44
46
65
52
42
45
48
42
48
42
47
42
42
45
47
43
44
52
45
48
43
44
46
45
44
48
48
44
48
49
49
46
49
44
48
46
50
49
51
45
45
45
44
46
47
43
44
43
41
51
44
47
46
46
46
51
42
43
45
45
46
47
51
44
43
46
47
71
47
45
46
45
46
44
47
47
52
44
73
44
43
42
48
51
52
41
43
53
44
44
36
43
44
43
40
38
39
42
39
56
36
42
44
43
42
47
44
44
44
42
41
64
42
62
44
42
44
44
42
40
39
40
39
36
37
42
37
39
38
37
39
38
39
39
39
36
41
44
52
53
50
40
42
43
43
77
41
45
39
44
42
43
41
41
42
43
38
41
43
43
42
46
40
43
41
42
39
42
39
41
49
43
40
39
43
39
40
39
41
43
40
39
42
42
41
42
40
41
40
42
43
38
41
42
37
40
36
49
39
45
36
43
46
46
42
42
44
39
47
41
42
43
43
43
44
41
39
38
41
39
52
37
40
36
41
38
40
39
42
42
47
43
43
45
43
42
42
44
44
42
40
41
38
42
40
39
38
38
40
49
36
39
38
42
37
40
39
39
37
54
39
40
59
41
39
42
61
39
40
41
39
40
40
55
43
41
41
38
40
40
36
41
35
42
41
42
41
51
49
44
54
43
44
46
42
40
41
43
39
40
44
39
43
44
43
41
41
42
43
41
38
43
42
42
38
43
40
40
57
39
43
38
44
44
39
42
41
93
44
64
40
42
40
41
43
41
44
44
46
46
44
38
42
43
44
40
46
53
40
40
42
43
39
44
41
40
55
39
43
40
44
39
59
42
42
42
42
47
44
39
44
60
70
43
50
42
41
42
41
42
41
41
43
42
43
41
44
63
44
44
46
52
43
41
43
44
44
40
44
42
43
41
40
42
42
50
38
44
42
42
41
41
43
42
39
42
42
42
41
41
43
43
41
41
42
45
42
39
42
41
41
45
41
40
42
41
46
40
43
40
40
41
42
44
41
42
41
44
40
41
75
41
42
43
39
41
39
41
42
41
40
43
42
42
43
61
42
39
37
43
38
43
43
42
43
40
44
40
43
42
41
42
41
43
42
41
45
56
46
46
45
54
42
42
42
44
46
46
46
49
46
46
46
44
44
47
48
53
42
42
43
41
43
41
39
40
43
43
46
42
43
42
42
45
41
42
45
42
44
41
45
42
53
41
43
42
39
78
43
44
42
46
38
50
43
43
43
49
42
46
44
50
42
41
44
45
46
43
41
43
43
44
42
44
45
45
45
46
46
45
44
62
45
44
44
45
44
44
44
44
44
41
44
46
43
44
40
43
43
42
70
44
44
43
43
41
41
42
44
42
41
63
44
45
44
42
43
43
45
45
44
45
43
42
45
44
43
42
43
45
44
45
44
40
45
43
42
39
43
43
39
42
44
41
45
43
41
44
45
44
47
44
45
43
45
45
40
43
44
44
43
46
42
55
43
43
40
41
41
51
43
45
45
43
40
44
48
43
41
45
40
44
40
42
40
43
41
41
42
43
42
41
41
41
39
43
40
45
43
58
43
42
40
59
39
48
39
45
44
48
44
40
43
46
40
42
44
40
43
40
50
43
49
41
48
52
45
43
42
43
51
44
46
45
43
45
44
43
45
47
45
43
45
45
43
42
69
46
45
45
44
45
45
42
44
46
43
42
49
43
41
42
42
44
44
45
53
48
45
45
46
44
41
40
40
44
40
39
55
40
44
40
42
53
42
41
45
41
40
40
43
43
41
42
47
46
43
43
40
44
45
43
44
50
56
42
41
43
42
43
42
41
49
42
39
49
43
40
41
41
51
39
43
38
43
36
40
51
41
39
43
39
42
42
42
43
41
41
68
41
45
42
54
43
38
43
41
40
41
43
41
41
42
55
45
43
44
45
42
46
45
48
42
39
44
40
41
43
44
41
41
45
40
40
42
40
43
43
41
43
43
49
41
41
40
44
42
43
44
42
45
41
77
43
43
46
40
43
40
46
44
41
43
43
43
42
50
46
48
50
45
46
42
46
49
46
47
46
43
45
51
104
45
47
40
47
48
46
47
43
47
41
45
48
43
43
39
42
41
43
41
43
47
77
43
46
46
44
44
50
44
39
39
43
43
43
41
42
42
47
47
42
41
43
41
42
43
41
42
38
43
46
48
42
44
44
47
48
44
46
45
52
46
43
39
42
41
41
45
43
43
42
42
42
45
44
44
46
50
45
41
43
41
43
46
72
44
53
41
42
46
40
43
50
53
41
43
43
44
43
42
42
43
39
61
38
42
42
42
39
39
45
38
39
41
41
41
43
40
45
39
40
38
41
36
42
41
43
45
44
44
41
41
43
45
52
44
43
43
43
44
45
43
44
44
43
41
43
49
45
45
42
44
44
43
46
44
43
44
58
49
45
45
47
47
48
43
43
42
42
49
41
43
43
43
41
41
