592
649
686
633
626
594
639
725
691
619
643
619
633
736
627
600
612
654
612
634
615
8206
674
660
605
704
633
587
557
538
624
694
618
599
596
619
712
584
616
601
618
623
632
654
599
602
607
552
575
598
601
604
651
632
628
705
622
607
612
569
644
611
606
659
634
643
641
585
620
578
568
659
530
548
611
593
575
583
535
650
639
610
594
623
621
610
812
606
624
627
615
633
744
617
603
616
699
589
718
638
598
654
889
556
576
570
543
520
507
554
586
744
637
549
511
504
534
556
674
532
522
517
522
571
601
626
644
646
523
552
612
513
506
511
632
514
564
586
583
548
532
624
539
527
561
558
567
606
571
571
587
582
643
586
715
564
590
568
592
617
630
580
573
598
560
572
582
895
558
593
591
618
611
637
761
572
618
572
571
561
620
568
648
712
570
611
569
619
602
596
570
566
733
604
637
573
556
535
582
601
626
624
592
664
672
738
585
609
654
622
606
642
672
630
660
651
568
897
659
887
600
648
642
628
616
675
716
567
574
626
549
593
596
564
695
603
670
635
612
682
532
555
603
581
605
599
614
650
741
775
653
675
653
545
583
562
633
617
510
506
574
651
644
476
766
596
625
594
562
508
595
634
674
572
636
576
579
614
652
585
675
556
624
618
543
579
948
860
563
674
651
623
597
540
543
535
599
590
613
566
654
602
623
672
629
606
678
608
618
692
641
849
657
588
661
667
648
633
714
682
716
689
643
729
617
621
642
623
617
627
618
743
627
672
653
662
607
643
627
636
634
761
713
665
727
648
624
683
639
646
657
606
595
586
690
595
644
651
597
566
613
617
628
588
604
691
635
664
634
590
592
682
674
674
694
660
602
653
704
631
672
556
636
609
612
739
647
654
613
618
591
595
595
709
716
727
631
666
639
669
685
721
695
650
624
635
695
643
627
691
722
662
622
666
606
595
636
723
607
653
644
610
647
606
597
621
633
586
587
662
712
661
664
608
639
659
603
660
655
644
605
613
647
641
642
678
633
595
643
749
631
701
622
619
629
616
632
661
1095
815
830
738
1140
700
742
751
712
778
840
810
641
637
610
598
620
663
645
648
605
631
655
686
678
639
595
630
632
678
629
664
614
629
611
627
622
638
752
750
650
618
624
649
634
635
593
637
563
601
607
604
590
565
652
743
703
572
730
601
610
753
677
625
705
633
602
818
701
633
619
626
694
619
634
635
635
612
620
571
802
609
612
802
585
722
679
580
634
604
639
553
647
610
629
600
787
669
695
604
714
648
634
628
599
722
646
627
664
641
625
632
611
644
655
803
660
623
686
732
686
647
664
718
710
642
642
667
641
656
629
604
639
643
652
786
746
668
649
745
697
629
638
646
601
637
614
620
667
586
624
634
657
651
625
672
619
608
668
647
603
637
582
754
605
649
628
704
646
601
665
675
734
653
661
629
628
763
626
684
698
671
659
611
601
613
667
674
668
635
637
615
695
685
688
607
781
653
777
646
660
680
629
654
813
640
641
641
780
777
669
686
514
638
668
671
691
637
645
612
626
685
636
692
631
642
701
779
615
718
805
680
624
633
612
810
671
616
602
577
609
657
700
657
627
597
615
633
627
719
720
661
687
627
630
652
679
774
734
821
594
705
625
641
641
647
628
694
742
650
626
661
665
663
684
639
613
615
636
715
776
664
692
652
732
639
609
599
636
870
673
717
690
641
693
643
745
699
678
644
674
799
680
648
650
717
740
660
691
701
697
634
617
627
643
587
643
654
660
809
620
612
696
719
602
830
620
642
620
820
718
622
757
634
613
584
654
641
613
617
698
616
637
653
625
620
632
709
843
700
646
624
646
658
666
741
605
670
612
623
709
753
649
628
688
756
626
654
626
656
622
686
663
620
626
615
778
626
607
625
584
583
640
793
655
646
645
697
634
628
647
747
716
690
638
702
670
737
675
658
643
654
641
634
748
714
687
651
887
722
706
851
806
656
730
641
617
697
657
638
622
593
564
620
575
700
619
631
620
608
588
728
662
616
612
663
808
720
677
616
664
589
629
694
672
612
605
616
573
637
563
619
765
615
743
610
718
653
628
749
687
710
619
648
730
718
713
674
645
615
634
649
610
658
672
696
616
620
571
626
639
623
685
626
689
648
642
614
608
647
592
646
704
605
642
717
662
627
821
651
634
636
612
579
819
721
612
605
629
658
634
751
658
630
631
641
681
645
654
791
653
637
664
617
895
628
641
667
898
642
646
664
594
660
696
640
654
605
860
786
650
624
758
680
652
677
623
686
688
688
636
694
620
712
662
666
601
664
630
716
669
636
666
691
669
656
634
674
623
705
696
791
763
962
680
1019
710
632
725
628
582
706
604
632
652
665
619
747
646
708
721
820
714
656
877
695
688
742
630
704
624
662
646
635
637
588
577
682
713
666
724
710
706
626
649
723
670
643
633
633
615
656
766
744
706
642
699
633
800
656
690
678
652
658
635
634
640
665
594
642
650
702
