20292
20338
20877
20590
20613
21080
22011
26905
23849
20958
20661
20323
20990
28249
28729
36924
50103
24051
21916
28337
22361
20970
21411
32465
27012
27335
23169
23422
22059
27767
28239
25006
20511
21187
20896
21306
21099
21247
20382
20600
21054
20465
21061
21010
20662
22721
21522
22928
24032
23708
21685
21004
21113
20397
20037
20312
20359
20431
20446
20253
21153
22271
20542
20780
21039
22569
26462
21847
27189
24504
20484
22631
33288
29276
24387
27561
33168
21287
29770
30348
24259
22766
20723
22485
21197
20268
20343
21274
20666
20546
21110
23798
21105
21006
22090
20504
21184
20897
20969
22178
21260
20555
21092
20760
22014
35147
32538
23156
30033
29513
29613
25490
27798
24875
26824
28992
27709
24094
28360
23253
21382
21402
21380
22064
22847
24339
25353
20843
20785
20710
20644
21563
22089
21713
20769
20515
20773
21057
21937
22035
20534
22564
25261
21128
24981
25735
23992
27420
28727
21771
23865
24653
25788
20553
22611
25747
23011
21568
23738
24246
21827
20800
20584
20630
21447
25696
23520
23044
35453
34799
24671
33504
30594
26285
21733
20893
23521
27239
23683
20541
20368
27476
22430
20995
20746
20847
20366
20752
20367
20985
20493
21773
24988
44033
30786
26083
30100
26408
31527
29378
