5317
5428
5296
5294
5196
5449
5197
5228
5572
5614
5178
5174
5184
5331
5346
5470
5509
6327
5334
5407
5228
5417
5246
5207
5275
5196
5220
5172
5228
4984
5275
5059
5629
5420
5289
5219
5216
5283
5446
5227
5415
5206
5135
6278
5215
5351
5158
5540
5212
5187
5320
5235
5210
5168
5374
6429
5247
5218
5186
5457
5257
5152
5592
5458
5201
5243
5198
5202
7041
5364
5037
5405
5256
5016
5488
5412
5221
5496
5482
5493
5235
5203
5127
5160
5282
5336
5259
5159
5159
5044
5320
5673
5545
5135
5072
5171
5229
4992
5617
5309
5504
5316
5179
5383
5283
5387
5698
5340
5205
5517
5499
5395
5449
5461
5690
5196
5206
5855
5398
5481
5434
5414
5745
6016
5293
5510
5826
5962
5933
6325
10325
7473
7681
8192
7488
6757
6429
8509
6832
5632
5988
5902
5553
5814
5403
6820
5331
5293
5479
5878
5355
5207
5301
5608
5964
5433
5469
5428
5211
5398
5780
5552
5883
5856
5262
5146
5144
5691
5344
5545
5481
5170
5384
5617
5159
5170
5173
5497
5437
5343
5185
5632
5421
5696
5502
5896
6042
5910
5133
5346
5246
5396
5197
5252
5524
5638
5419
5498
5046
5178
