7952
7655
7494
7644
8614
8012
7505
7862
7724
8930
7503
7967
7443
7419
7575
7504
7980
8116
7304
8097
7647
7431
7322
7615
7891
7568
7852
8528
7382
8414
7907
7532
7614
7816
8077
7860
7560
7629
7831
8061
7620
7660
7434
8364
7500
7719
7453
8024
7717
7863
7610
7439
7678
7580
7643
7520
7518
9569
7811
7506
7485
7771
7527
7800
7577
7598
8544
7606
7753
7401
7513
7501
7307
7585
7616
7743
7604
7877
7664
7424
7574
7720
7463
7518
7501
7579
7958
7398
7911
7628
7597
7683
7871
8105
7776
7937
7739
7688
7688
8138
7616
7632
7912
7752
10059
7464
9610
8467
8216
8055
8526
8011
8785
8479
7610
8818
8142
8135
7928
8230
8071
7982
8481
8997
7971
8220
8763
8058
8135
8956
8363
7676
8302
8743
8930
8323
7939
8024
8117
8218
7955
8798
8666
7683
8321
7884
8374
7975
8149
8343
7741
8098
8534
8057
8083
8618
7888
7990
8039
8078
8139
8065
8092
10495
8265
7838
8807
9002
8360
8707
8405
8401
8545
8221
8109
9312
8339
8139
7623
7743
7621
9427
8179
8035
8850
7920
8229
8066
8441
8738
8921
9115
8051
8006
7868
7944
8494
8665
8661
8018
