11990
10850
12771
13820
11948
10874
10751
9875
10258
10762
14508
14748
14672
14810
11554
9600
9788
10349
11534
10686
9800
10266
10436
22614
18313
12437
11144
9912
9860
10588
10630
9903
10389
14218
11356
10211
11598
12601
13469
15121
13984
13173
9931
10170
10366
11172
12895
22868
12490
13044
25444
19425
13588
14765
15909
14337
11789
12329
11003
11610
10424
9600
10008
12220
10570
10896
12167
15213
10451
10260
10784
10508
10160
10366
9999
9849
9915
9869
9728
9913
9993
9729
9920
10232
9994
9963
10246
10672
10624
9932
10745
10296
10848
10369
12072
13781
14907
14375
13944
12169
13199
12143
12747
10877
10090
10209
10047
10749
10001
9737
10226
10161
9731
10422
10043
9564
9921
9648
9941
9813
9204
10182
10332
10019
9828
10469
9783
9381
9994
10624
10116
10240
10056
10168
9714
10173
9836
10610
11440
11823
9855
10218
11610
15661
15402
15069
12760
10492
10557
9960
10442
10225
10304
10383
11380
9648
10550
10721
10948
10406
10111
10735
13030
13535
13257
13863
13536
13414
13377
13417
12859
13509
14363
13570
13299
14953
14481
14338
14715
15243
13350
14101
14301
13777
13505
15041
14853
15205
15602
14318
14265
16801
16270
14148
13598
15964
13738
14982
16172
15428
