17502
18286
20145
17835
19929
17550
18463
17646
18956
17416
16069
17435
16639
17801
17408
16073
15416
16199
15941
17185
17238
17342
16819
18258
18113
16417
17225
16279
17190
16449
16414
15979
19456
17883
17305
16942
18504
16486
16674
16786
16575
16709
16502
17463
16527
16910
17647
17554
18396
18476
17863
17124
17294
17146
16040
16182
16331
16542
16109
16424
16312
16296
17343
21242
19913
22006
14830
12367
12209
13558
12555
14464
12295
12396
16357
16984
15907
11765
13372
14802
13087
12949
17372
19439
17644
17147
15829
17018
13431
12381
11663
11625
11741
11824
11628
11907
12023
13684
11825
12746
12608
12247
38822
19581
13289
13003
13874
12815
12179
14881
12537
13438
12824
13717
15619
15961
18865
17864
14336
14546
14346
15867
14864
11969
12297
12276
12500
13337
14488
14554
11747
12458
12187
11919
12147
14596
12086
12156
12846
11785
11872
14507
15695
15035
15867
14870
13910
11790
11609
13149
16104
14961
14481
11742
12947
12947
14741
14913
13215
13708
12362
13004
16657
17988
14370
13138
11646
11516
11574
12284
11876
12007
12101
11812
11987
12187
12449
11695
11968
11765
11529
12599
13459
12535
14403
13967
13441
14417
12372
12129
11756
11815
12099
11788
11754
11536
11778
11964
11616
11497
