13503
13555
13672
13208
13448
13694
17128
15782
17753
13615
13662
15291
17080
18483
18014
16906
17808
13451
14702
14899
16958
13945
14657
13856
14278
13554
14244
13855
16093
17256
16590
17680
13569
13728
15106
16224
13974
15948
17408
18503
16973
15492
13440
13597
13422
13491
13494
13782
14304
16030
13492
13690
13742
13598
13942
13973
13366
14024
14383
14336
13871
15882
17795
17590
14282
14032
14704
14299
14063
16137
14230
13462
14107
13446
15009
15542
16985
16939
16451
15186
13850
15096
17018
16720
13466
16936
15392
15148
13622
14412
15225
13525
14141
13967
13934
14587
20337
19181
19268
15987
13350
14137
15315
18750
19693
14549
14830
13731
13676
13406
13845
14144
14999
13649
13515
13994
13862
14294
17794
18579
18804
13873
19506
25833
15691
16594
18528
18706
18726
16123
14015
13380
14023
13696
14049
14363
14371
13831
13634
13678
13630
13963
13813
15950
13620
13490
13395
14489
16888
13681
15305
16128
13547
13846
13771
14077
14677
15070
14057
13835
14348
16673
18404
21175
15724
15793
15175
27069
31824
15395
16799
15334
18284
15088
16636
15997
21507
21092
21317
19949
18603
16539
17189
17478
15487
14464
29014
17363
16700
16246
21616
22765
14856
14246
13771
13386
15260
15058
13442
14006
