17592
19645
15305
15278
15107
16190
15400
15303
15318
15816
15532
15875
15417
15294
15732
15477
15642
18285
15989
16789
15405
15251
15368
16068
16473
19549
23707
18119
18681
20604
20702
20880
20784
16340
15506
15763
18187
26557
15118
17173
15174
15362
15292
15409
17539
18368
15018
17219
16968
15807
16761
19591
16620
16443
15178
15809
19818
21094
18780
21073
21814
21996
20258
16005
15287
15246
15419
15549
15313
15373
26394
15770
18447
21078
18519
24761
22132
20022
15155
15467
15475
15158
15434
15967
16587
16539
17101
16942
22122
15692
15569
17640
15358
16936
18198
15260
15009
16635
17121
15394
15451
15436
15287
15029
15025
15067
15159
16074
15631
15827
15242
17498
19228
15683
15626
15805
18380
15447
15527
15315
15575
16109
22405
21281
15460
15042
15556
15484
15697
16212
15780
17186
16261
15415
16411
15854
15010
15030
15147
15214
15606
16743
18223
16414
15365
15562
15741
17572
18934
19772
20068
15233
15122
15184
15020
15476
17133
18360
19431
19536
19301
19418
15261
16337
16104
17810
15799
15077
14903
16206
16331
14843
15581
19771
20957
20500
21296
20889
20764
20961
22820
22394
21199
20985
21304
21215
21419
21097
21870
22631
21517
21613
20934
21218
23195
21066
20887
21046
21036
20741
