22753
22671
22553
23200
23639
23786
24347
23834
24968
24401
23472
24002
26631
23424
23572
24480
24417
23667
25778
25816
25311
25287
24036
23356
23385
24128
24465
23648
23399
23130
24334
23136
23133
24642
24766
24783
24752
24806
26068
25714
27802
23877
23880
23084
23121
22889
22839
23056
23293
24520
25785
32889
25118
24127
23956
24575
25968
25880
25073
25896
26556
26168
25296
39303
30735
35976
29109
41658
27849
39553
25841
23037
26019
25346
24654
28851
23392
24712
23881
23676
25079
23013
23268
17916
17226
17316
17803
19668
18284
18507
17725
18211
35792
21147
19187
18106
24385
17905
19870
17598
17015
17741
17317
16985
16801
19046
18687
18581
17665
18142
17014
17665
16817
16654
16896
16957
16863
16744
17214
16975
17013
16767
21358
17942
17217
19024
18163
17353
16898
17235
17427
17949
17205
17042
18937
18697
18126
17457
18587
18213
18703
17903
16965
17264
17368
19584
17907
18851
20669
22292
17232
17022
17129
16788
17001
18102
17687
16918
17391
18496
17239
17851
18127
17339
16919
18775
17341
17394
16708
16986
17617
17252
17110
17035
17338
17049
18042
19022
17066
17426
17191
16809
17290
18301
18067
17323
17745
16915
18584
17382
16782
17277
18352
17633
19441
24238
19623
21242
21071
18417
