20602
22078
28979
21531
20382
21605
19049
21414
21409
18975
20133
20821
19061
20180
19614
18780
20065
18769
19291
18987
19354
18652
18620
19193
19310
18848
19236
18520
18188
20221
18444
18196
18441
19232
19493
19106
18968
18381
18149
18535
18491
20132
20293
18610
18526
19989
18567
19070
19351
18279
18284
18221
18205
18591
19043
18477
18148
18462
19348
18663
18871
19101
18303
18986
18727
18268
18145
18351
18544
18667
18551
20855
19575
18564
19628
19402
20910
18753
19066
19277
18401
18482
18596
18414
18729
18590
18740
18115
19029
20268
19529
19030
18406
19051
18889
20618
25958
23302
18118
18750
19894
20127
20729
20926
21352
22433
22255
21395
23110
19321
19419
21491
37322
21317
21158
18380
17996
18382
20857
18606
21535
19576
18773
17940
19085
21523
20904
18836
22756
21698
18209
17918
19205
18884
18815
18361
18665
20143
19111
18573
18489
18439
18724
18195
18743
17982
18072
18140
18481
20746
20961
19307
18069
19159
20904
19070
18091
18219
18057
18879
18509
17876
18229
18516
19230
24500
19980
19642
23756
20377
18614
19473
18040
18111
18192
18773
18129
18330
19657
19078
20707
18477
17898
18390
17994
19016
19354
19865
18064
18227
18988
18270
18273
20263
25800
17752
17829
18434
18743
20825
