3036
2688
2724
3097
2686
3397
3404
2868
3226
2777
3004
2871
3031
2789
2753
2798
2702
2908
2828
2715
3336
3851
3169
3039
3126
2915
2757
2713
2827
2721
2917
2792
2813
3072
2764
2813
2770
2716
2663
2656
2754
2625
2753
3199
2920
2675
2756
2776
2814
2758
2757
2785
2678
2763
2682
2684
2659
2937
2594
2861
2989
2877
3033
2664
2691
2702
2882
2912
2870
2776
3028
2798
2971
2738
2683
2690
2844
2787
2804
2677
2879
2711
2896
3343
3429
2754
2992
3161
2992
3111
2793
2891
3079
3348
2916
2806
2987
3010
2919
2885
2804
2805
3283
2896
3051
2889
2769
2850
3147
2686
2711
3114
2875
2822
2787
2734
2747
2833
2909
3957
4375
3047
2979
3570
2792
2752
2862
2862
3278
2856
3579
4655
3194
3248
2909
2884
3010
3051
2766
2809
2885
2733
2885
3079
3104
2887
2836
3224
3145
2906
2899
3014
2860
2822
3214
3645
3310
2937
2731
3108
2893
2756
2848
3471
2873
2806
2879
2829
2808
2791
2773
2747
2866
2812
2745
2678
2760
2685
2700
2675
2848
3098
2700
2690
2681
2791
2785
3110
3043
2897
2832
2790
2777
2788
2753
2888
2649
2665
2770
2707
