19284
20432
25665
21764
19025
20411
23091
26960
29442
19708
19474
18999
20998
24405
19407
19711
19582
19003
19508
20771
20083
20088
21860
18962
20417
20065
19529
19036
21338
24303
19727
19504
21338
25353
19411
19327
21523
26565
26914
24939
23152
22361
22335
21631
19110
19271
19760
19172
19801
20782
21304
19566
25689
19899
23608
28050
19572
23247
25638
21040
19977
20658
22343
18772
21874
19321
20918
20972
19990
23706
21525
19154
21360
24488
19316
19661
19748
20060
34493
21403
20423
22242
22194
27017
21003
19552
22587
27767
20041
24904
18649
19119
19121
18937
19040
19202
18831
20370
19103
19464
20054
18793
20693
19809
19202
20977
25082
24756
26557
19381
23042
25465
23838
19279
19132
19131
24539
23508
26055
26399
20069
21172
22627
19137
18866
18916
19864
20233
19009
18965
19638
20009
20891
19545
22284
22658
23979
21988
23325
19276
21169
24233
20641
18761
19365
19040
19667
19719
18980
18908
18787
20048
18953
18823
19082
20204
19256
19124
20081
19968
19440
19271
19229
20385
20627
19478
19816
21321
32323
22189
21177
28156
28660
21970
26367
29068
19919
19055
19002
19194
19073
19146
20276
19516
19226
20903
26639
19314
23523
22758
23172
24748
20912
18893
19803
19047
21892
26668
23706
19767
