20214
20008
20302
20076
20829
21591
20742
20218
20076
20433
21991
24967
24937
22502
21637
20273
21540
20055
21017
20028
21475
21428
20978
20233
21016
37956
26402
25080
21544
24722
29818
31156
26365
20225
21933
26721
26505
21355
25761
26213
22395
19858
22591
24601
23545
24528
20832
20954
20024
19964
22210
37227
28967
22158
21503
21697
21390
23455
28333
28620
32533
25507
24539
23017
27828
22938
20056
23793
29077
20990
21872
25031
31920
21011
20941
22886
20368
23401
20175
21489
25645
27302
26232
26479
22431
22861
24569
27790
25038
19969
20437
21590
21220
21058
23682
25385
21126
20188
20352
20101
21886
20963
20774
21450
20260
24474
23944
19973
20103
20963
19800
20708
20410
20400
20721
20130
19947
22369
23176
22304
27372
25863
27500
20142
22123
21192
19837
19849
19687
20283
20730
20583
26410
30156
28789
21766
22302
20243
19985
20635
20370
20472
20493
22840
20436
19776
19991
22004
29646
28353
27782
27758
25518
27032
21540
24866
25532
20571
25409
26760
23184
24606
21904
22273
22389
20054
21047
22039
24080
20047
24229
20444
21819
20771
20131
21079
19958
23775
23479
24724
22755
20269
25754
22275
20080
21144
20436
20508
22581
20857
20463
19951
20772
21939
21916
20762
20181
21652
28040
22150
