20727
20518
20656
21582
21469
20574
20589
21575
22237
20655
20958
20483
20790
21853
20580
20721
21177
20785
21585
21964
21660
20634
20737
21544
21331
21512
21542
22218
26169
21559
20576
20763
20790
21294
23280
21897
21086
21989
24423
25894
21412
24474
25175
24776
21545
20847
21727
21102
20772
23579
21852
25267
26162
21348
27131
24509
25969
20916
28859
28876
28217
28135
27908
30325
31634
28802
28300
27662
27781
27583
28785
28571
29001
28451
27562
29893
28457
28645
28460
29492
28570
28369
28100
28406
29404
28077
28177
31342
29781
29074
29194
28149
28076
28450
28367
28958
28834
29628
28148
30672
28562
28592
29117
28611
28805
28307
28669
28494
28087
29161
29103
28904
28317
28930
28663
28747
28429
28264
30990
29340
28845
28262
28411
28699
28716
28280
28932
29296
30521
28807
29012
28118
29199
29001
28834
28898
28636
28435
28486
33965
31521
31674
30035
29156
28522
31517
32425
28922
28563
31412
32478
33869
39766
41215
29253
35613
36912
34796
28944
29235
21376
24730
32535
29802
25513
27813
26131
36551
37975
26548
29999
27723
27881
24022
25033
21453
20795
24012
24436
27616
23567
30326
32721
30775
31764
31417
32592
25745
20923
22782
25983
25215
21290
22165
23854
22062
21596
22329
22122
23962
