24420
29902
27122
31769
31699
30116
22847
22091
23571
23071
23062
26210
31034
24998
29862
35904
30024
22444
22025
24744
22293
25242
25461
24739
23940
28663
33831
27039
23700
23912
24502
31529
33586
32086
29961
27971
23352
23559
22296
22350
23111
25455
22059
23981
22818
22968
21296
22289
25320
25340
28255
28122
24473
27626
21698
38601
56176
24314
23336
23110
22028
26511
35923
34616
34502
46227
37483
44051
29230
25785
26909
22215
21736
21655
22554
31370
30864
36426
23583
24702
25313
22699
28177
26536
21833
22083
24255
23932
22218
24913
22622
40023
24309
23831
23383
41142
28675
30965
24376
21763
22449
22827
26673
30332
31437
22887
25519
22439
26310
24511
28361
34981
31544
32090
31492
29943
21572
21826
21641
22430
23673
23919
26110
24840
23164
21881
22564
22029
24612
23934
23504
24622
23876
21107
23212
21833
22533
21924
22650
24878
21972
23992
23013
23957
22985
28598
22475
28501
22725
27685
26284
22695
26919
22328
23982
27186
28419
23582
24097
23457
27738
30657
28667
29775
29539
30649
34319
23246
22610
22175
23552
24107
25240
26093
23300
21956
21313
21452
21959
21838
23112
21622
21548
22334
21492
21423
22405
22970
23326
22952
25130
28894
28148
23346
22260
27199
30225
31629
32239
29600
