31082
30809
31729
31034
27813
25534
22296
22787
21975
24216
35592
26565
23416
22371
26277
33194
33588
26515
21927
22321
26862
28513
28496
27147
21896
22030
22989
23043
22594
22208
22036
22449
23285
22221
22028
22648
22263
22355
22932
21991
23648
28299
25567
21675
21934
22039
21829
23186
22039
22074
21820
22247
24254
23364
21995
25037
31642
25773
30435
26382
22415
22038
22032
22030
22742
24722
21806
22815
22138
22707
26648
30484
32665
30133
32785
31807
31109
44943
32256
35703
36787
36461
31170
30651
30722
31044
31566
35988
35213
33454
30802
32938
31828
30636
36425
30761
30133
30775
30628
26166
22333
23108
21822
22252
22185
23510
23335
27987
24241
23089
27067
28156
24131
31227
36197
26991
28950
27102
34643
34465
36693
27189
28770
22699
28703
32685
22433
22080
23217
27089
23513
27371
35054
29789
22499
22022
22218
24274
41305
25774
23278
22248
22663
21935
23592
22286
22258
22203
23200
22994
22246
23597
24060
23528
22356
21705
22939
21878
23001
21849
23120
27599
22091
21874
22035
23518
21985
22993
24093
22305
23385
23595
22804
23404
23216
25701
23566
23487
23000
23024
24007
23482
34024
23936
24060
23171
23153
23051
23910
26951
25091
25823
24112
22628
23952
22271
24590
22510
24243
23693
