24251
25615
26095
26235
23222
26509
27056
28559
29837
29747
22610
27485
29329
23479
23102
40620
26204
22154
22920
23219
23819
26935
27510
27853
23074
24845
27111
22549
21932
22461
24145
24869
22463
27999
22341
24593
24866
22611
23386
24806
22548
27933
32722
28543
31730
27126
27478
31400
29185
31211
42238
39334
25583
22716
26602
28259
28675
23759
23563
22365
23050
28778
28279
30641
23666
22941
24822
23143
22457
21986
24267
41382
25460
35973
25190
22392
21882
22164
23832
22944
22258
25992
34216
24505
31212
23874
31664
33659
33318
25575
29153
31288
32481
30057
29911
22307
23941
25361
22206
22531
22342
23713
23301
23197
22199
22725
24009
24136
22425
23316
22177
22199
22400
23036
23776
22330
23303
22389
22554
22881
22517
24567
33316
29565
25225
22067
21975
23833
22860
22270
22185
24257
22309
22101
22936
22471
22360
22008
22450
37048
40541
23825
32335
25095
21662
23757
23884
21832
22500
22460
22932
22336
21913
22811
22223
21910
22203
23309
24181
23042
22160
22467
22624
22833
21881
22978
23138
21997
22198
22065
21971
22465
22566
21527
21172
23779
22501
43455
24806
25441
24466
29465
24267
25704
22741
22356
22310
22454
22434
22610
22935
22571
22166
23257
22178
22565
21975
22416
21891
21957
