22989
24995
24815
23508
22641
23043
22546
23163
21915
22573
24473
22609
22568
23106
23682
22657
35838
43951
23857
25077
25899
34892
26449
24158
24136
38691
30428
24778
24176
23126
27926
22970
22415
22966
26686
22461
22086
22409
22151
23908
23466
23617
24550
26646
31744
26432
23753
23564
22167
23457
22370
22972
22544
22922
22971
23117
23255
43452
38330
48796
51560
32219
52478
47214
33978
52528
45862
60770
39554
36948
64431
46597
57142
40173
47563
25660
29857
24281
26060
30368
25853
22898
22678
22589
23313
36676
24805
23840
23116
27883
22450
22211
25256
23446
22935
23636
22296
22352
22759
22845
22653
24732
23109
26251
22493
27445
32192
23384
32426
28532
22690
23332
24699
22853
24556
23661
26272
24942
22242
22580
22065
22252
26505
21994
22313
22737
22708
23136
23194
23221
22514
22044
22258
22651
22957
22708
21829
23121
26766
23678
21987
22611
22730
22824
23153
22913
22019
21973
23832
21996
24095
22813
23917
23280
24072
24480
22117
24798
22863
22148
22811
22005
23115
23385
24019
26975
24821
23802
29099
31687
31446
23295
23288
22272
22077
22600
22468
22489
23520
25177
23878
25379
22330
23172
22334
22385
22963
22590
23278
24234
24146
29927
22841
22665
23076
24818
23979
22618
22199
22557
