23322
27372
26400
26761
27159
30511
28020
29361
34754
38467
23535
23098
23572
25988
24924
23154
24119
54665
26180
23005
21984
23290
22697
23235
40341
25165
30317
33230
30024
29566
25755
23406
23377
23365
25172
29330
24371
23193
27501
32954
44728
24741
24349
27891
27958
22420
23895
22787
22620
21649
23529
22452
23685
22885
23415
23609
22170
22687
22885
25069
31594
24621
21872
22238
22379
25495
29530
23585
22677
28715
26003
23438
26339
23046
24526
25084
22848
22238
23210
22168
21805
22309
24260
22794
23105
22247
22611
23103
24788
38539
25763
25571
35394
28246
29900
29744
31873
24002
22477
23313
30924
23079
26722
22443
22485
22833
22829
26201
25052
22656
22266
23923
23128
22243
22178
22160
22211
21927
23834
23081
22290
26555
29117
23436
25508
31809
28568
22356
22780
22423
22257
24119
44516
25035
24268
36847
24341
27781
23934
25918
22679
22187
23963
23127
22810
22953
26640
30964
26411
59433
27936
24030
27598
29161
33118
27909
28070
24763
29178
28197
22082
22993
23374
23699
22753
22858
22535
23125
26491
30546
30927
24283
22375
22715
22511
23615
23663
22474
25078
33098
48615
26821
27500
42736
35460
27376
30629
30861
24112
23335
22915
22940
27649
30410
32260
42210
29773
27718
30925
31029
