23985
32634
36093
23540
23919
27770
24809
23987
22204
22750
22219
22091
22156
22133
22426
22347
22032
27028
22255
21961
22205
22882
24325
55083
25420
25944
24289
29340
30363
25847
23209
24112
24987
25707
22850
22476
22620
22084
25902
22299
22626
22562
23178
23010
22115
22135
24097
32328
31356
29413
22023
22003
22245
23037
23433
27151
26443
21868
21907
22174
21975
22127
24480
29092
26336
22688
22016
22316
34652
30881
27396
22981
25169
21673
23207
21133
21928
33416
51154
38193
23129
31875
32461
25254
25583
23557
31251
29834
22554
29005
23891
39055
23762
22285
23542
25868
29361
26972
34283
24583
21905
24093
21793
24283
26223
25890
26996
27183
22556
22386
40631
34993
23254
23875
22138
26447
21391
22153
25488
24365
24554
23319
21935
21678
21547
21170
21413
21285
21411
21781
21873
21972
23799
22454
27303
22120
21684
22347
22866
22178
22622
22772
23589
21721
23616
25323
25664
21929
26097
25541
23342
26050
21935
24800
22670
22045
22911
21691
25649
22058
22078
23089
21692
21834
22662
21461
22054
23768
22167
22058
21784
22640
23900
22158
22871
22971
23333
22659
21971
21771
23267
21804
21951
21747
21926
22374
23893
22374
23973
21795
22466
21710
21948
22102
21989
24667
23381
27081
21965
21683
