22253
22929
26444
26111
21453
21354
21219
21716
21401
21875
22869
24908
21567
21323
21318
21411
21628
21206
22116
21456
21471
22167
22816
21811
25502
29648
24211
22127
21432
21563
23009
25950
22311
27613
27933
25708
25165
27494
26296
21664
22335
22013
21753
21342
21575
21759
21805
21403
21528
21579
21569
23199
21560
21601
21477
21469
21559
21523
21111
21214
21237
22714
22104
26529
23870
21337
21443
21357
21312
21356
22585
21372
22269
21560
21434
21642
21288
21447
21590
22468
21727
22302
22696
22354
21289
21336
21247
22155
21593
21227
21979
21607
21545
21761
21499
21981
21300
21707
22359
21508
21765
21518
23762
27091
21246
21626
21249
21301
23420
21975
21532
21831
22007
23947
21732
21795
22025
21865
22152
21448
21398
21340
23828
21741
21956
21511
21836
22148
21559
21508
21442
22226
22761
21459
21632
21848
21752
21535
22274
21543
21856
21580
21679
21612
21628
21621
21114
21377
21380
21540
21576
22010
22837
22258
21188
21438
21438
21480
21263
22141
21679
21964
21617
21495
21901
22013
21771
23939
23251
21619
22252
21494
21965
21794
21427
21931
24145
22177
21597
21864
22909
22054
21833
21516
21996
21589
22199
22345
21310
21765
21390
21234
21537
21239
23911
22663
21928
21387
21276
21479
