5|56, 30, 55, 35, 92
10|36, 28, 74, 6, 49, 57, 99, 53, 93, 18
15|96, 2, 91, 98, 12, 28, 25, 71, 34, 50, 10, 87, 48, 21, 40
20|31, 99, 100, 65, 13, 67, 36, 19, 82, 5, 27, 92, 83, 81, 76, 8, 99, 22, 86, 68
25|64, 44, 69, 46, 33, 30, 69, 58, 29, 8, 31, 83, 35, 9, 11, 29, 52, 18, 38, 97, 55, 59, 88, 31, 64
30|76, 70, 71, 59, 52, 39, 11, 90, 63, 53, 8, 18, 79, 39, 33, 74, 39, 35, 69, 8, 36, 45, 29, 58, 30, 47, 4, 93, 54, 60
35|85, 39, 85, 11, 7, 59, 23, 61, 9, 75, 28, 96, 63, 61, 43, 98, 72, 9, 93, 87, 83, 41, 48, 1, 61, 5, 74, 12, 11, 69, 55, 23, 84, 36, 25
40|95, 12, 89, 39, 47, 66, 15, 59, 56, 61, 51, 26, 8, 18, 2, 43, 76, 35, 37, 73, 54, 16, 17, 9, 68, 55, 3, 81, 8, 22, 10, 5, 36, 11, 68, 54, 24, 8, 27, 19
45|24, 58, 63, 85, 8, 94, 6, 58, 55, 29, 88, 87, 32, 17, 92, 98, 93, 74, 80, 42, 55, 57, 93, 96, 19, 11, 57, 36, 45, 98, 63, 62, 63, 69, 81, 84, 39, 21, 10, 23, 92, 56, 18, 15, 94
50|70, 59, 53, 30, 7, 4, 1, 74, 46, 26, 53, 21, 39, 53, 100, 49, 53, 72, 79, 77, 11, 52, 10, 42, 78, 47, 91, 25, 86, 18, 47, 82, 7, 12, 4, 52, 35, 63, 5, 43, 99, 80, 16, 89, 95, 99, 59, 43, 38, 83
55|85, 16, 37, 66, 7, 9, 4, 26, 25, 26, 80, 16, 4, 73, 78, 11, 73, 40, 64, 60, 76, 23, 67, 45, 88, 22, 59, 55, 97, 29, 96, 64, 81, 27, 47, 28, 2, 32, 66, 41, 82, 82, 68, 97, 20, 39, 32, 3, 48, 16, 37, 76, 42, 60, 46
60|11, 37, 15, 23, 47, 39, 87, 48, 78, 2, 93, 27, 17, 85, 13, 24, 57, 34, 68, 79, 65, 89, 67, 45, 16, 85, 97, 15, 26, 53, 47, 63, 30, 18, 21, 18, 54, 2, 98, 74, 66, 58, 39, 32, 46, 43, 62, 23, 27, 52, 68, 11, 67, 99, 70, 76, 4, 63, 23, 92
65|85, 64, 67, 18, 35, 24, 75, 66, 40, 33, 36, 63, 34, 42, 88, 39, 41, 39, 86, 40, 55, 55, 26, 72, 32, 48, 23, 18, 96, 98, 94, 44, 68, 40, 27, 70, 45, 6, 18, 33, 50, 18, 10, 23, 13, 84, 46, 100, 59, 63, 20, 6, 51, 56, 50, 57, 76, 60, 60, 53, 42, 12, 5, 30, 73
70|31, 53, 22, 4, 71, 79, 50, 81, 58, 7, 60, 40, 29, 46, 51, 12, 25, 33, 13, 67, 2, 35, 94, 17, 71, 65, 81, 81, 6, 11, 75, 69, 56, 83, 20, 61, 21, 67, 40, 82, 32, 61, 10, 88, 6, 34, 39, 38, 8, 17, 10, 61, 83, 91, 86, 20, 92, 15, 32, 4, 11, 5, 63, 82, 9, 6, 56, 21, 52, 66
75|79, 78, 26, 58, 2, 63, 94, 23, 49, 21, 87, 69, 46, 35, 5, 42, 84, 20, 65, 9, 97, 34, 71, 39, 37, 62, 4, 5, 80, 97, 85, 31, 63, 97, 98, 59, 47, 9, 98, 62, 72, 69, 93, 56, 51, 25, 16, 84, 73, 42, 52, 58, 98, 48, 68, 87, 61, 21, 22, 5, 88, 44, 42, 33, 62, 92, 23, 36, 79, 81, 28, 48, 41, 30, 75
80|68, 59, 33, 53, 1, 86, 43, 21, 25, 49, 7, 61, 76, 48, 55, 65, 84, 32, 100, 40, 20, 35, 92, 61, 21, 16, 37, 23, 80, 99, 29, 1, 64, 83, 9, 10, 26, 57, 64, 100, 39, 18, 33, 84, 100, 98, 72, 6, 64, 99, 34, 8, 95, 41, 34, 1, 26, 78, 42, 60, 13, 43, 82, 85, 54, 54, 49, 46, 65, 63, 46, 67, 26, 14, 51, 27, 15, 43, 95, 55
85|26, 35, 63, 44, 25, 29, 94, 86, 24, 1, 61, 50, 75, 68, 74, 4, 47, 97, 18, 83, 4, 82, 1, 47, 42, 96, 26, 37, 34, 65, 17, 81, 19, 74, 58, 91, 69, 55, 25, 10, 90, 86, 77, 58, 61, 90, 72, 73, 36, 34, 84, 51, 81, 51, 63, 61, 75, 73, 97, 6, 76, 68, 82, 26, 68, 68, 78, 6, 96, 24, 25, 92, 3, 19, 56, 76, 89, 6, 72, 96, 35, 93, 17, 87, 26
90|24, 11, 7, 43, 97, 57, 59, 36, 57, 41, 50, 70, 69, 40, 37, 82, 19, 43, 63, 7, 14, 9, 46, 51, 94, 9, 65, 34, 69, 38, 7, 67, 21, 87, 28, 48, 87, 57, 39, 89, 34, 41, 59, 90, 40, 91, 14, 66, 86, 45, 27, 62, 44, 76, 12, 34, 69, 94, 62, 67, 52, 23, 67, 1, 75, 49, 34, 23, 88, 77, 29, 86, 15, 3, 56, 66, 83, 37, 65, 26, 23, 54, 64, 34, 88, 8, 55, 12, 20, 15
95|1, 86, 72, 82, 73, 9, 24, 25, 78, 9, 88, 68, 61, 22, 52, 62, 33, 60, 34, 23, 49, 64, 23, 19, 20, 20, 81, 83, 40, 2, 75, 96, 37, 2, 54, 21, 100, 21, 59, 89, 55, 67, 93, 26, 24, 11, 69, 56, 38, 54, 6, 39, 67, 54, 55, 71, 28, 10, 66, 87, 83, 60, 44, 83, 77, 46, 2, 94, 70, 81, 45, 80, 31, 52, 84, 13, 9, 89, 41, 17, 22, 26, 34, 68, 90, 43, 93, 19, 69, 33, 65, 51, 22, 30, 46
100|95, 87, 25, 95, 89, 22, 81, 91, 45, 6, 11, 76, 56, 34, 4, 73, 18, 32, 72, 58, 33, 61, 77, 92, 58, 25, 22, 10, 92, 1, 92, 74, 64, 47, 70, 83, 83, 4, 19, 99, 31, 42, 8, 5, 12, 12, 89, 67, 66, 39, 29, 10, 96, 70, 99, 27, 41, 61, 33, 52, 45, 6, 89, 99, 59, 62, 34, 85, 18, 53, 73, 75, 64, 37, 76, 89, 85, 70, 13, 91, 23, 36, 75, 8, 49, 7, 60, 46, 2, 28, 70, 78, 1, 61, 49, 80, 27, 36, 88, 88
