122683
121079
122733
131092
157623
138699
135281
126563
123290
121238
122930
123534
123555
125726
124193
124486
124088
124898
123291
125211
122076
128141
129467
123998
122741
123701
122730
122778
123724
126519
130031
127236
130418
129105
130406
131125
130967
133697
128886
130024
134010
125454
123821
125035
135076
128260
132827
128234
125069
123096
127358
165169
138848
176328
130131
137015
130740
130941
130736
133099
125492
128096
168731
125505
124162
124002
124753
132242
123297
140426
144885
129173
152868
134183
118979
125868
124279
160476
127725
124958
124183
126083
193174
170047
181362
144149
125736
128353
132979
123393
164072
135880
140883
133113
134807
141242
126606
127949
125312
122741
122937
126048
127977
181136
132901
124774
152247
144806
128089
131277
121169
120009
120286
123722
128317
124353
124274
139287
188369
129895
125923
177096
124938
127788
125181
151663
123981
163605
133347
124042
124934
151084
153712
133979
122725
121196
123503
129368
123377
124430
168693
126247
125088
125840
122999
126744
122368
127560
130208
128224
123264
128208
147634
131113
150257
135987
123497
122208
127927
121905
156831
188622
126540
126393
123134
127356
127970
139657
165280
183763
135603
127024
127551
128592
167907
129704
125728
135849
140927
129079
122533
132406
122247
124871
124741
124550
121543
124783
123870
125959
123735
123951
126275
125908
123049
125381
123727
130387
125289
123048
