24679
25915
23486
22855
25881
20845
23422
23119
23281
20916
28747
29592
30724
41194
38712
40074
36192
32076
29206
28699
30835
29441
28850
29027
29220
29081
30296
34163
24723
21102
47051
34365
26101
23633
21344
21623
20961
21980
20762
21634
20869
20878
21088
22327
20885
31699
21558
21208
21130
21097
21043
35742
33002
32600
33835
32118
29043
29189
29806
30077
29483
35342
35579
29172
29986
30700
29156
30076
29428
30700
31628
32726
28860
32368
29170
29323
29224
29264
30712
31841
29094
29273
33529
29444
29065
29055
29380
37113
38320
30105
27197
25924
34083
29666
29731
36718
35191
35174
29227
30803
30964
29023
28755
21137
21061
21559
21115
21598
20238
22598
21866
21326
21344
23884
24190
23012
25594
23847
22527
21238
22140
20954
21213
22771
21218
23961
22072
22222
21978
21364
22198
21863
22040
21316
23851
22682
22641
24844
25706
27160
26772
30346
28148
29738
29941
32940
37135
29008
29422
29545
31959
35684
29838
29290
29413
34475
31096
31663
29281
34423
31982
30084
37689
30762
28754
29213
34653
32282
30756
29906
29847
28889
38231
32271
30597
35643
20359
21406
20941
20813
20820
20911
21627
20945
20969
21450
21021
21396
22053
21583
33234
38818
30315
28862
20906
22508
21384
21427
20978
20986
