30716
32079
31348
31155
31320
30836
30937
32554
30221
30670
31109
30910
31419
36891
42040
41062
50536
52179
47404
42204
49952
43152
49467
42893
42806
42151
42961
43626
43401
42220
54358
42967
42190
43427
42699
42983
45541
42665
42878
44890
43697
51396
45963
46532
44084
42581
43212
42540
42501
42551
42554
34087
31705
31787
31441
30257
31357
31144
31805
32213
32948
31167
34762
36465
31261
33131
30733
31281
32214
34459
31101
30476
29969
30716
31009
32075
36588
31348
30924
30354
30479
30823
33785
31732
31131
31357
30793
31080
30426
30653
31228
32363
39597
41135
36190
33120
33059
30966
31518
44522
30608
39821
38450
34429
32506
36374
33207
32409
32082
32301
33436
30847
31161
31000
31588
31311
31661
30514
30991
30701
31387
30059
30358
30485
30721
30874
30579
30270
31627
33607
33542
30703
31372
32225
32775
32709
30654
30871
31285
30995
31117
30718
31100
33462
32806
36558
32674
30769
31193
31116
31279
30871
31874
31166
31628
30844
30805
33070
29821
31357
31920
31985
32024
30776
30944
31003
30857
31392
32059
31936
35675
34013
32687
31952
30829
35655
31244
31719
33012
30746
30629
31223
31158
32455
32325
31573
31602
31527
31737
31360
30870
31371
31599
31797
30636
30874
31115
32872
31616
30977
