41126
42089
41170
40107
40103
40232
40389
40794
43765
48803
40206
49666
57772
41590
39871
40413
40769
39539
39768
39925
41531
40387
40350
39806
39725
41825
41228
39445
39953
40008
40439
39861
40054
43828
41282
45489
42114
39944
41500
45618
39067
40053
39789
41912
40425
39960
42905
39868
44372
41684
41348
39769
40385
39939
39140
44709
41839
43800
38244
39442
40109
40437
40683
40038
39615
39389
40663
40383
40840
39820
40793
43043
39151
40351
40335
40121
39953
39783
40601
40388
40623
38845
39703
39738
40127
39720
40458
39869
39945
41165
39361
40510
39876
39747
38507
40636
40432
40054
39619
40332
40340
40156
46171
40169
39473
39833
39817
39974
41005
39219
41766
39982
40069
40404
40913
39913
42435
39434
39770
40677
40000
39600
40915
41105
40448
40610
40293
39861
40930
39703
41349
40915
43477
39740
43667
40549
40154
40799
40299
40442
40571
40224
39464
39706
39863
40916
40000
40281
40951
45366
41364
40796
40160
40862
46270
40815
39920
42919
40136
40203
39551
40125
40161
41144
39830
41847
39154
41238
40256
40611
40118
42808
40734
40560
39424
40766
42350
43108
44128
41305
43455
50762
40668
41079
41494
40810
43445
42877
53359
57818
58702
56701
57360
56476
61519
72913
58776
76017
56381
56210
