74643
68967
66863
67813
67449
68322
67155
71294
67404
81692
55665
49576
58732
47797
48787
53204
54688
73971
74530
67581
70067
69315
70354
75807
70195
64257
71207
67301
74084
68415
67928
65081
70680
68782
64352
74822
72500
71584
67526
66527
66954
70392
74454
70069
48974
51018
50765
49915
51266
49553
49746
49623
49104
51044
50478
50516
49652
57052
49731
50290
50038
49962
49213
50223
51238
49888
51782
51712
55525
51054
49395
49924
49356
50303
50372
50461
50337
50433
50256
49537
49626
49871
49502
52502
50476
55610
51000
49145
53332
48704
56717
51421
56387
48782
49222
49015
52321
49897
65670
51440
60341
51288
58067
59336
67699
50715
50993
50481
50168
52070
50114
49501
58394
52896
48695
73730
76507
60859
54748
49545
54297
65600
53807
58550
52241
51608
62523
55667
52957
53931
50508
51338
49912
50696
50318
51389
48201
49473
48935
49487
50759
49051
50546
52180
50558
50656
89397
66510
51329
50620
49272
49147
48503
52281
49695
48875
49216
50953
52159
51312
68761
63973
47117
49692
63173
65043
65962
51602
50535
49974
49801
53205
53359
49521
50839
51049
50145
51621
89404
54233
57097
48418
49320
48774
50058
50040
51174
49720
49109
61253
48954
49836
49014
49090
48660
50053
49234
51635
49727
48702
