57489
60058
58257
62216
57384
59570
57804
57491
60138
62720
57838
57942
60720
59209
58076
59203
62821
58652
58042
58178
57318
58080
58906
58639
62611
60604
58342
62140
61526
59430
59701
58142
59119
63387
60871
60259
61236
58091
59233
60130
57836
59173
58437
58436
57548
57657
57927
62125
58031
59366
58357
58929
59767
60108
62051
60492
59198
57457
63513
59845
62711
59300
59344
61008
59778
58755
58443
58347
59105
58063
56804
57197
62036
59918
57204
66892
59530
61894
62935
59921
57612
59200
58448
59338
58191
59563
61402
60353
59926
57936
64273
61382
58337
59771
63592
68867
70231
59645
60983
58187
70571
84735
56687
56761
57203
62686
59107
57872
62484
60181
58614
60246
60612
57753
57941
59263
60185
58359
58092
58647
64973
58537
60467
70689
59620
58027
78563
61564
87863
61453
58562
59014
57978
58692
58926
58744
58052
61731
57527
59591
62223
59052
60107
60381
60312
58455
60757
61026
63885
60437
58532
59493
62364
58667
57599
60533
67448
61177
61654
63466
57646
57867
59194
58883
58945
60492
58918
62421
72742
58376
58763
59387
66603
59465
60262
63996
58007
57566
58423
58774
67228
62140
58142
61005
59978
59497
60612
59054
59374
56098
56398
56554
57176
56443
58889
56690
57393
57483
56128
59297
