68812
65794
66955
65193
66675
70279
69025
63944
64611
65605
64823
64980
66059
64870
69722
65131
66128
66075
64766
64259
65673
64859
63820
71715
63761
65776
64797
65452
64417
65218
66770
72009
65467
65722
65661
66369
64253
66010
65616
65002
65730
64499
65622
64538
68107
66069
69223
78290
66633
64667
88709
65359
68842
65661
73132
67544
64598
66024
70637
64177
64474
64687
64901
63808
63763
63763
64267
84598
67676
64964
65858
65588
66936
70292
67371
65007
64008
64212
65016
64053
63974
63657
63811
64544
65089
63293
69392
64586
65461
79814
71572
66838
79673
66083
67920
67252
68935
66049
65635
65832
68369
67341
69345
66987
67311
66766
68196
69996
69185
66867
67004
66687
66971
66311
64921
70733
65555
66814
66306
69290
65120
66063
65765
64741
67343
65601
64841
67249
69960
66774
66362
65260
70694
66256
66185
64808
67245
66119
65840
67353
66741
67111
66692
67275
70559
74894
71819
66916
65217
65521
64970
64885
65359
68749
65327
66431
68527
125070
78357
124515
75817
79892
67160
67210
66725
73256
69157
66147
70480
73220
67642
76125
73798
72929
71596
72096
72434
68599
67139
89327
66345
72425
65949
66754
66110
65989
67341
64727
64910
66322
79960
73555
66958
64988
66389
66452
63873
66310
72026
128979
