124204
87746
89163
81543
73552
74443
72416
72628
76384
78779
80067
77971
81443
84284
72801
73327
74007
71545
71787
71536
73969
73872
77306
74810
72965
77071
76213
71989
74285
72979
71279
72144
72535
103009
77639
75797
77556
76848
74527
72940
74893
77696
73209
77992
75501
74437
74160
99495
99946
99873
80432
73591
72494
71847
73590
73939
76657
77655
76735
76361
77532
71804
71041
91317
97354
75548
72448
71164
74309
72207
73111
76789
108534
110758
86289
72682
81229
72303
72793
76476
74459
76727
78257
79078
85746
77731
80440
77943
72761
72582
72499
71355
73452
75462
79753
75171
73454
94493
73421
73527
72715
72023
75708
82587
79671
107105
88536
72609
77762
75996
88503
86545
84262
79743
81751
79452
93157
81652
77847
81819
78554
81479
77036
76517
79333
72925
74231
92546
85123
76460
73093
72600
73555
79468
74901
81182
81921
129395
78176
74157
73594
73397
100674
125771
92239
101041
87706
75124
84258
74184
76849
75449
73339
72616
72438
90303
119309
96735
125399
81666
76365
75264
77597
73627
73802
73409
75306
77027
75738
77450
75803
73906
73826
72470
72944
73189
73722
76263
75208
77609
79634
92418
75621
73515
102772
77432
79048
87243
72915
78793
73516
80121
74135
74474
74659
75880
78043
75763
77415
75710
