80494
87751
97366
82154
83028
82947
81258
83635
84540
80877
80937
84679
82416
85796
84268
86123
84335
82239
79775
81250
82959
90612
94473
83721
104971
87820
88184
80656
80582
82172
82761
87629
85295
82564
83714
82445
81171
81768
83914
82740
83568
83949
82082
84396
88227
82592
83559
84463
81687
88781
81363
80403
83144
115922
87023
85392
81470
81017
83678
81938
91363
81424
80849
82372
104733
85325
82386
80585
82148
81282
84294
82415
84861
107766
88755
88599
80001
81380
81652
81519
81768
86240
81653
84695
82227
81397
80830
80274
83042
99585
83956
81139
79937
81816
83416
84190
81305
83130
84843
80525
82619
83654
84757
81235
83008
82097
87236
85598
83700
81465
80999
80521
81787
81658
82893
85012
81422
88765
81925
82801
122900
117761
116785
116533
124218
130152
119888
117366
118250
127200
136006
141991
125532
119013
129895
89222
97393
87631
100437
99501
111482
113213
112337
109020
139228
106937
109029
108268
108457
107955
111002
109528
109355
108257
109543
112528
108414
102783
79749
79785
80168
79200
80304
79774
79123
80463
84025
80612
79550
80360
79346
89187
86280
80163
80651
80037
81750
78894
79152
78987
81461
81583
81093
80593
77717
78276
82228
78561
79087
78719
78632
79080
79999
80791
78543
80244
79359
78988
89505
91879
