24009
12228
11207
11179
10647
12444
11232
12368
13242
11791
10701
10942
11098
10789
10729
10643
10950
11093
11012
10777
11052
10834
11267
11129
10727
11015
10877
10685
10617
10809
10771
10784
11352
11056
10494
10607
11005
10703
10943
14419
10702
10971
11591
16203
18917
19410
19540
11857
10975
10843
10819
10732
11087
10612
10769
11604
10582
10967
10649
10689
10488
10938
11218
11580
10663
11091
10930
11819
10671
10623
10931
11122
10709
10623
11103
10778
12443
11530
11006
10500
10849
10782
11086
11563
11261
11695
10437
10871
10518
10982
10736
10742
10995
10932
10726
10638
11010
11252
10768
11081
10697
11045
10696
10907
11350
11154
10959
10859
14292
13124
10656
10934
11041
13134
10686
13834
10815
10330
10476
11777
10997
10734
11519
10925
11317
10677
10805
10539
10890
10579
10674
10542
11076
10718
10493
10890
10989
10838
10602
10857
10961
10716
10372
10987
10555
11335
10884
10891
10584
13630
10802
11678
11439
12995
18895
18648
11261
13430
13921
11925
13255
11324
10989
11184
11076
10684
10880
11818
10919
13203
14132
17486
20634
14105
10950
12304
11714
10787
11727
10948
11668
11360
11713
12494
12379
11409
11994
10996
11938
11568
11767
11562
11119
11567
11459
11316
11485
11710
11850
11244
