85897
85422
85210
84628
84738
85736
88155
84857
85380
86272
84918
85318
87079
84306
85216
84461
84876
84584
86747
85466
85697
84936
91566
87563
85980
85262
86207
84125
85728
86296
84366
87447
85090
87099
89665
89137
83726
85486
85062
85320
90306
86093
84360
89021
88883
84171
84936
85474
87128
85079
86781
85300
85439
84750
86316
85466
86361
85101
85122
83917
84097
84512
85476
84522
83622
84329
87033
91408
85053
88564
85324
83817
84838
83392
85870
87205
82556
84561
82374
83313
83320
83795
84426
83074
81957
83692
83613
83514
85240
89074
83927
86223
83321
83432
85131
83184
84302
84018
83249
83023
97446
85135
84303
83830
84202
84441
86939
85209
84652
84481
87163
84800
84674
88846
92239
86688
84406
84086
84344
85485
85209
83161
84629
85208
84615
85468
84096
85454
83967
86509
83231
83515
87360
85737
85610
84333
84564
85145
86767
84076
84428
87717
84250
84258
84456
84990
87369
85718
84461
82895
82973
86259
85768
83525
83216
84569
83957
86361
83573
84923
84163
83646
83657
83416
85436
83464
84763
83497
83660
85192
87632
87762
83286
84000
84587
90016
86029
86885
84334
83761
90321
88643
92311
86803
84517
88290
85547
84079
82696
85838
84637
86488
85209
94662
87053
85265
84009
83776
83584
85106
