91019
91866
90610
91400
91473
90795
90243
91722
89287
90846
88761
90515
89998
95680
91558
93033
90402
89968
89314
89997
89253
89463
90130
88938
92090
91778
90683
88155
89286
88594
88389
92456
90544
88973
95945
89608
90012
89169
89778
89457
90009
91550
91702
91232
89916
92494
98368
89561
90082
90632
89850
90438
90220
91753
95994
93676
96741
94153
93096
89309
91096
93773
91500
90101
90603
90306
93297
94728
90989
95310
96596
93682
95285
91373
93582
94864
92530
90836
91322
94041
92347
91007
91623
94186
91728
91215
89957
96464
103469
106743
99871
90025
91785
89672
89827
94419
88984
91189
92175
91625
90821
91274
94312
93156
91183
95083
93057
88849
96869
89585
90443
98147
109695
106228
91161
90396
93182
88429
98677
96204
109072
112193
98792
91067
90955
91391
94284
112572
102015
111315
105542
92041
88302
89039
90562
87398
101989
114009
98985
93402
93035
89030
97393
92935
96934
101967
98518
95738
99726
88592
94514
89165
90711
90021
89805
89059
90944
94174
95972
90680
89740
92109
88009
90095
90027
89462
89059
90558
91371
94727
110180
93768
88882
94385
112486
101787
92973
90844
90515
94271
91671
90816
88748
102550
106342
97919
91008
90192
110232
134731
135553
117643
113577
133704
118313
122734
103846
105363
124052
123227
