138783
143444
152847
153106
116728
117315
133462
136026
130515
120823
129836
138071
141028
163343
151194
141332
135554
146069
137063
112535
112557
123912
140708
166831
156572
145918
132033
132301
133818
142481
151376
135409
177421
142984
111854
104872
101688
107772
111932
105352
108730
101945
98598
115878
112165
104632
107423
108742
158894
102814
101714
101006
101053
98705
105031
104761
102431
104798
138916
99799
96327
97757
98645
108034
104603
109174
111281
110210
107889
101034
108387
94029
99181
95143
99730
96150
94876
96963
99019
96830
97242
97572
95829
98175
138577
115235
100828
100183
96285
96454
99191
95186
94400
97277
95456
99068
95893
98560
96860
96744
94573
95140
96931
95602
98660
95839
96104
101896
95575
95786
95475
96026
94855
94738
94222
96937
97358
98327
96100
108277
96483
96496
95846
96504
95978
96926
98261
98090
97370
94764
99430
94727
95260
95499
94934
99212
96032
97430
99267
95292
96265
95837
94555
97687
94647
99203
94984
95726
97350
96584
99546
100782
97096
94493
97969
100359
94914
95418
96850
98575
100755
96587
99669
101335
95672
97331
95617
101035
97272
94618
98492
101962
100058
95329
96324
96287
94563
98267
97962
97457
95094
94966
94711
96437
95892
96340
95701
100904
98011
98501
95592
95319
95489
94983
99108
100883
97457
96077
96151
98639
