100142
99521
100043
104150
99462
101190
101401
101018
101935
102728
98983
101070
102103
99583
100666
99561
98933
103492
99339
100724
99481
99789
100603
100100
101378
100812
99042
102308
133327
113370
101371
100107
98008
100495
100625
99496
120178
116749
111676
101355
103738
121831
197527
138002
147809
122600
124233
136157
124207
120869
130459
144963
104927
103347
128774
107937
103710
101452
124758
130185
115015
102307
97967
99923
99709
104510
135370
104828
131380
101350
142894
146098
104402
100565
103221
100853
112424
128057
131084
130385
117861
124767
121823
115540
105265
123119
109775
115096
103841
106456
114706
147593
113192
148033
114943
104570
108461
112950
104394
122400
107329
109139
111521
104296
99593
100397
100798
106404
113938
99889
101679
106772
114134
100410
102094
104805
108818
110856
107783
108863
113497
115555
139877
114550
135808
130334
133128
120265
121456
112569
109792
106004
105572
108393
109210
111727
129459
141227
124317
118366
114483
113812
118475
129186
143014
131678
112625
104450
105448
110471
109004
113292
150963
167166
157161
145041
110197
106612
104506
132653
110894
105369
136018
119717
108722
113065
114177
131108
114472
111012
105491
108366
104134
103074
101068
111900
117990
108996
100370
102112
111894
105103
101055
102030
106287
105142
108642
129772
106087
99908
100830
99873
127957
105728
131899
107421
118013
148400
103278
100615
