108345
106891
104285
107698
111309
133308
109951
107891
124968
103235
107842
107821
108702
106962
106352
107662
106552
104653
106400
107510
106564
108296
104327
110964
108662
106889
105823
107937
111342
105289
108109
118877
120117
110197
114413
121456
122136
111743
118271
115674
114259
132890
124987
113992
107957
138824
228176
225902
206475
241893
222856
224384
150859
154523
114745
125624
105708
159282
109752
104158
109938
106258
104346
107255
122538
115670
115105
136451
107430
110316
120139
105356
111189
127219
136074
105661
115336
104615
107650
105616
104820
136355
131133
113660
113439
122065
111354
124672
104314
105325
106854
107776
116433
119491
110409
112139
109838
107166
109536
107005
107056
106764
108484
112907
108606
107316
106731
112395
149875
114885
107499
105657
117898
112961
108523
108670
118259
114091
116277
107816
105675
106758
111913
107715
106411
105262
109431
113992
128683
115730
105630
113949
106413
121492
116001
113744
107483
140374
168563
131716
137474
150164
127954
125983
148901
196030
159388
162542
160435
206727
150039
146888
147741
158925
148698
145034
146483
144423
144016
144656
142080
146967
147879
111841
115079
107416
106235
106428
108226
107960
116669
135279
113035
108497
111135
107028
113318
107321
111874
103806
104970
104097
107906
113004
132153
122067
120233
112842
112740
104614
106241
105743
110381
118793
136017
120612
109957
109749
110523
109391
