114294
114056
121976
117389
115060
120027
125316
122720
112369
109983
109991
117818
136726
126988
136242
129855
117728
122724
115607
122888
124586
122934
113566
110923
107711
110915
122561
140380
121343
118470
110621
112450
111820
110386
115366
111668
124673
123167
122942
122216
117557
108676
112650
111386
111445
117744
125581
129259
152410
114244
125425
109090
114466
110734
110455
108021
111615
109349
128520
200464
162519
154497
146783
165345
165848
160628
172585
161224
174099
156807
153956
170116
161653
111642
109539
121250
157838
149735
155399
158771
161479
149783
150884
215017
160189
161591
157979
151336
151080
118466
131086
130030
111482
110439
110220
108531
111529
107289
138818
119340
133927
146940
111124
109009
110369
112927
112512
113941
132735
117753
109713
109008
112071
125790
108822
111577
111209
141626
111142
113377
111240
117350
111459
109744
108988
116657
118284
110271
123926
111679
110536
113089
115176
107830
115764
113213
110756
108690
147077
116100
112874
108737
117162
116830
110269
116458
116170
110928
111286
110848
111794
119105
109736
110707
114614
111655
133205
124684
146097
119185
109421
111203
172545
149621
110022
114907
109650
121232
110906
110648
111734
109119
110378
117055
111673
111525
122778
113957
109995
109473
112971
111016
125537
115226
114750
111261
109623
109863
109581
110291
109787
111750
147251
113672
110687
147581
134261
119333
110029
109115
