114208
118886
112305
111277
112859
114198
111703
114108
112797
120493
114532
117829
115676
110340
110787
114955
116566
113724
114109
115767
115464
111756
112053
118298
118477
114511
123474
116764
115075
115473
112228
112285
115509
117418
114967
112791
115723
113736
110510
112380
112760
112958
111881
115065
115397
119154
111405
120479
111377
113730
118079
116979
115621
116451
113080
118648
115143
119175
113576
111555
115963
114343
112651
112191
119011
112639
116935
114614
115143
115575
115023
114366
112855
113394
115241
115322
116856
120386
114660
120191
120608
120285
119719
122896
121624
129048
116034
118986
117774
132350
120737
118959
128518
130432
135978
128113
115062
119847
114628
139543
125449
133850
144850
118729
151920
133453
118971
114255
121440
130427
117663
119054
111335
117186
121357
121719
129220
138798
135870
125661
120780
117074
130128
114037
115048
113403
113146
114181
113619
116329
128567
115645
133369
122036
118758
126293
120618
127259
120327
119457
117424
113384
115549
114586
113621
113211
114622
137371
111937
117030
116746
113974
114725
131037
134995
132366
123826
128707
131923
113020
115213
115705
119686
119377
115876
122113
117438
117718
113665
114275
114834
118254
119624
123414
118908
135688
116795
122498
115944
121156
114269
120379
117105
115389
116093
112952
113241
112000
114036
114779
119560
149648
128408
132312
116171
117687
114737
113246
118224
140080
