118523
115691
118705
134653
127548
126538
135782
116182
118785
115891
118654
121973
188795
126691
159793
182245
180054
151454
122681
118071
130552
118280
125484
129600
123020
120038
124445
132175
117529
119184
122973
125680
132150
126630
123630
122659
126776
131695
126432
122684
117843
121188
116162
128251
160039
123566
139347
127962
117455
117367
123652
127686
124273
130249
124067
128730
121592
125473
133779
125927
126155
118212
130410
126432
128195
123817
121314
129180
139790
122517
116863
117958
126127
133314
138685
123176
125352
127365
123443
126836
124859
133085
121557
123482
123658
122831
119941
128659
118931
118729
117091
118153
115648
118210
123782
126624
151290
127238
117948
123480
142219
124060
123482
132758
124925
124324
123714
126988
124937
127862
125585
126304
130872
119873
117123
116767
120495
127388
121678
140290
139268
128015
127445
126523
128645
122345
122272
120744
153235
142059
119939
116728
126278
122724
123829
116304
118306
118413
116754
121824
122351
118377
119609
116818
119065
125318
117938
119486
117763
116261
118423
116740
120113
118731
118124
123806
119667
118961
116136
116744
120094
114600
118636
117523
118175
116731
117518
118605
118792
118312
123034
121610
117674
117846
116290
118564
119385
123574
116005
117978
116931
119660
114575
118385
117465
122976
115788
119165
116143
119169
119509
120271
137355
126833
116483
150820
124657
118933
115667
117293
