121101
126822
120309
120650
160337
123170
119593
120230
120785
138551
140373
120015
120472
119057
118542
121473
145234
123592
121850
123653
185505
233683
126955
123990
134079
121850
130876
133231
127838
136130
147683
127646
122274
126389
124002
120851
121078
120385
124238
122195
124802
124682
126658
121962
121769
125239
121923
123299
122181
120704
122391
120914
121272
119638
121852
120232
121099
122523
121743
127359
120324
119012
124876
118254
120431
120472
127981
128069
120310
122431
129493
124136
124951
118205
119304
120805
119787
118206
121696
133101
120645
119079
119575
120014
120209
120312
125364
126213
120187
118545
122400
119409
119990
118123
121793
118783
122418
118768
119554
122585
121059
119349
120404
122923
117630
117713
120219
117784
118279
120056
120822
122102
137962
123105
119627
121488
123503
118551
123040
123795
118092
119338
117407
120833
120463
120588
121462
119120
129186
122778
119768
119749
118898
118139
127389
121997
122174
120474
118763
120131
121862
122691
119415
125111
117441
117877
118969
119987
117947
122017
121081
120831
123292
118126
117130
117915
121438
122787
122599
123627
123050
118811
117503
118483
122510
122412
122023
123544
128707
124953
120146
122392
119437
124763
118034
121427
130501
123364
118271
120555
119671
133439
147340
128897
123599
128410
125058
119784
120816
120799
120162
130625
119343
121689
117812
117896
121734
120996
119984
121281
