123034
121959
119652
124109
120941
121877
122619
125710
123474
121222
122059
119585
121850
134851
121954
126330
120867
122082
121098
119907
123382
126478
122266
124951
124883
124764
142701
122598
123483
122590
125673
130534
121987
119724
121368
121108
127203
121865
122460
119788
122580
121016
121980
122206
123810
122804
127348
144354
138135
121461
120691
119736
122063
119227
123194
117899
124591
120695
121120
119344
124487
124781
123598
122183
122857
119861
122888
120614
126190
121327
124575
120503
120362
121044
123257
123603
122787
122779
128125
119925
122935
122281
122370
123566
122666
122280
131330
124759
125559
124944
124095
123875
130956
119763
128469
126086
122910
119630
120786
123106
121832
120961
135042
121762
120200
120564
120757
120474
123007
119923
123171
123448
121418
120475
122683
119987
121258
121334
123038
122016
121360
121116
122783
120631
120658
127855
122949
119925
119401
121152
121305
125127
125759
120083
122673
120679
122386
121059
120040
122164
121359
122951
123792
122616
121624
121111
120512
121112
120130
121852
124979
121960
120480
126152
122237
119804
122571
119745
124044
122195
119537
122055
121240
120408
123062
123319
125578
124142
121927
122230
120045
121658
121681
121390
123081
121167
120276
120052
119428
121513
121207
121674
128472
121331
123549
121040
122586
123416
123600
120559
124488
125942
123341
120667
123291
120755
122110
121594
126902
121253
