7
7
8
6
7
18
9
9
14
10
9
8
8
11
10
9
9
9
9
9
9
9
9
9
9
9
9
9
8
8
6
8
5
7
7
6
8
7
7
7
8
7
6
8
6
7
7
7
6
8
9
8
7
7
7
7
7
7
8
7
7
11
7
7
8
7
7
7
6
7
6
7
8
7
8
8
7
8
8
8
8
7
7
7
7
8
7
7
7
7
8
7
7
6
6
12
7
12
7
6
6
7
6
7
9
9
8
22
9
11
21
7
8
7
7
9
8
7
7
8
8
7
8
8
9
9
8
7
7
7
6
6
5
7
6
7
8
6
6
6
5
7
6
6
6
5
5
6
5
6
8
7
7
8
7
7
9
9
8
7
12
12
9
8
9
9
9
8
9
6
10
6
7
9
9
8
8
11
9
6
9
5
9
8
6
8
6
7
5
7
6
6
7
6
7
7
6
6
7
7
6
5
5
5
7
8
30
32
8
8
7
7
19
7
6
6
5
7
6
7
6
7
6
6
5
5
6
7
6
9
5
5
6
6
5
17
6
6
5
6
6
6
5
7
6
6
6
7
6
5
7
8
7
7
7
11
8
8
8
10
9
7
8
9
9
8
7
8
7
7
6
9
11
8
9
7
8
8
7
7
6
6
6
7
6
6
6
6
6
6
6
6
7
7
6
7
6
7
6
7
7
7
7
7
7
8
7
8
8
21
8
8
8
9
8
6
8
10
8
9
6
8
8
7
7
7
7
7
8
8
6
7
8
8
8
6
7
5
7
6
6
7
22
7
7
7
11
7
8
8
8
8
8
7
7
7
7
9
8
7
8
8
9
9
9
9
8
7
10
7
9
7
9
8
8
12
8
8
10
8
8
8
8
10
7
6
6
7
7
7
7
6
6
6
8
7
7
6
6
7
7
23
7
6
7
7
6
7
8
6
7
6
7
9
8
9
9
8
9
9
9
7
8
8
7
8
7
8
8
8
8
7
8
8
7
8
7
8
6
6
7
7
8
7
6
7
7
7
6
6
6
7
6
6
6
6
6
6
6
6
8
7
7
7
7
6
6
7
6
6
6
6
6
7
7
6
6
6
6
6
6
6
6
7
7
6
6
6
6
6
8
8
7
7
6
7
8
7
7
10
7
8
6
6
11
8
9
7
7
8
10
9
10
33
8
8
8
7
7
9
7
6
9
8
8
8
8
8
7
9
7
6
7
6
6
6
6
6
6
6
7
7
6
7
7
6
6
6
6
6
6
6
6
7
6
8
7
7
9
8
8
10
9
8
8
9
12
7
8
8
8
8
7
7
7
8
7
7
7
7
9
7
6
7
7
6
7
7
6
9
7
6
6
7
7
7
7
7
6
6
6
7
6
6
7
6
7
7
7
7
6
6
7
7
6
7
6
7
9
11
7
8
8
7
7
12
6
7
6
8
7
6
7
7
6
8
7
7
6
7
7
7
8
7
7
10
6
7
7
7
8
7
8
7
7
7
9
8
8
7
8
8
10
7
9
9
7
7
8
8
8
10
7
6
8
7
8
7
8
8
6
6
9
7
7
7
6
7
5
7
6
7
6
7
7
6
7
8
6
6
6
7
7
6
7
6
6
7
9
6
7
7
7
7
7
8
7
6
6
7
7
6
7
6
7
6
6
6
6
6
6
6
6
9
6
6
7
7
11
7
8
7
6
6
8
6
7
6
7
5
31
7
12
7
6
8
7
7
6
27
7
7
7
11
7
7
7
7
7
7
6
7
8
6
7
7
7
8
7
7
7
7
7
5
6
6
6
7
6
7
7
7
7
6
7
7
7
7
7
6
7
7
8
7
15
11
9
9
7
11
11
12
8
9
9
8
8
7
5
7
6
8
7
7
7
7
7
7
7
7
7
7
7
7
7
8
7
8
8
7
6
7
6
6
7
10
7
7
8
7
6
7
7
7
7
7
7
7
7
6
6
6
6
6
7
7
6
6
6
6
6
6
8
6
7
9
7
8
8
7
6
8
7
7
6
7
7
6
6
7
7
7
7
6
7
7
7
7
8
7
6
6
7
7
7
5
6
6
7
7
8
6
6
7
7
6
6
6
6
7
7
7
6
6
6
6
8
6
7
8
7
7
6
6
7
7
6
6
6
6
6
7
6
6
8
7
6
7
6
6
7
7
6
6
6
7
6
6
6
6
6
8
6
6
6
6
7
6
6
7
6
6
7
6
8
7
6
6
6
7
7
8
7
7
6
6
6
6
6
6
6
7
7
6
6
7
7
7
7
8
7
7
8
6
6
7
8
7
8
10
12
8
8
9
9
7
8
9
9
7
9
8
10
8
8
8
7
9
9
7
8
7
8
8
8
7
8
9
8
6
8
7
7
6
6
7
6
6
7
8
7
7
6
7
7
13
8
7
7
6
6
6
7
7
6
6
6
7
6
8
6
6
7
6
6
7
7
6
7
6
7
7
7
7
7
8
7
6
6
7
6
6
7
7
7
7
6
5
8
6
