103
99
105
100
98
105
88
95
85
113
94
111
89
96
364
94
92
90
95
103
102
89
96
90
93
84
98
89
99
90
88
95
92
85
100
94
91
119
100
153
92
92
93
97
95
97
89
99
99
114
126
94
88
94
92
85
91
100
92
92
88
88
87
105
96
99
103
88
91
92
106
104
93
91
95
97
89
93
95
131
120
95
99
122
94
95
94
150
97
90
92
98
103
94
90
90
95
95
97
90
87
83
71
75
74
77
85
107
103
145
81
81
78
109
78
83
86
96
85
77
76
84
84
74
83
79
76
82
95
83
77
81
131
74
82
81
92
83
78
76
75
83
72
78
74
79
74
95
77
77
97
88
102
87
82
86
86
92
86
96
83
90
89
89
85
174
85
88
83
127
80
92
80
90
82
88
92
84
90
82
87
83
86
89
86
86
87
83
86
90
87
104
89
96
90
93
84
95
86
86
81
83
83
71
105
100
73
90
77
77
79
80
75
78
80
88
90
82
81
79
77
79
78
74
86
80
90
75
78
79
80
73
80
78
75
76
75
94
81
94
77
73
78
105
74
88
78
109
74
98
87
88
138
82
90
82
87
131
83
86
81
87
85
83
97
85
85
87
85
117
115
110
91
89
87
88
105
81
89
89
86
89
140
82
79
84
77
106
108
124
97
97
88
94
96
91
90
85
90
88
93
105
91
90
92
89
87
84
128
88
102
88
84
88
85
90
81
89
91
82
86
86
88
83
86
79
83
84
86
87
95
83
84
86
85
86
83
83
86
86
84
90
86
87
84
83
81
88
86
78
88
94
88
125
90
101
82
83
86
85
88
106
88
85
81
88
83
88
83
89
85
85
83
83
82
88
93
83
87
85
85
83
82
84
87
150
90
90
89
83
89
91
83
95
80
88
88
91
85
90
107
91
90
89
90
89
86
91
117
89
90
91
86
132
92
91
89
127
90
91
86
89
85
86
89
91
87
89
85
86
85
93
88
94
82
85
91
159
86
85
81
140
87
137
86
99
85
88
89
84
90
209
92
89
90
117
82
93
79
87
87
89
91
83
82
83
86
84
106
87
83
86
84
83
85
81
80
89
105
85
80
90
82
86
81
86
80
94
82
91
83
85
86
122
82
86
87
86
92
89
99
122
90
125
82
85
90
102
108
84
100
86
89
87
85
83
93
85
89
88
85
81
84
87
78
83
87
85
82
83
85
83
80
90
83
89
95
85
82
79
82
87
90
88
88
82
114
85
84
84
97
102
83
92
88
91
82
84
93
86
109
88
144
87
85
92
89
85
92
112
82
98
84
87
82
91
92
95
85
84
93
104
89
90
88
106
89
87
156
89
88
91
88
90
88
91
88
89
94
84
89
87
91
88
90
83
84
86
87
89
89
88
89
86
87
91
86
86
84
85
89
89
84
83
85
88
85
81
86
87
82
93
85
83
87
86
88
85
87
88
88
89
89
91
91
102
87
87
87
89
93
97
87
118
88
83
89
81
93
85
86
81
93
118
110
89
91
90
89
90
91
89
89
81
116
82
85
88
81
88
83
84
85
89
87
83
85
88
101
93
87
85
142
89
86
82
89
87
91
88
86
84
82
89
84
120
88
85
85
87
87
104
84
80
84
85
85
81
85
83
83
80
81
91
86
90
84
107
83
88
87
84
118
85
106
85
90
87
105
88
90
88
88
87
91
88
92
88
85
89
86
94
88
99
86
90
87
97
88
89
88
89
127
89
87
88
89
89
87
90
87
91
90
90
89
86
88
81
83
88
87
79
89
86
85
85
88
84
87
93
86
131
103
121
103
89
90
91
84
87
98
101
91
91
118
91
118
120
91
86
90
85
91
87
84
90
94
82
91
87
86
84
81
83
82
88
93
86
81
88
82
87
90
88
80
84
99
88
88
81
87
87
85
82
87
87
84
88
85
85
93
84
83
88
84
82
107
88
87
85
87
84
99
83
98
93
238
84
91
83
83
85
83
88
87
85
91
84
87
148
87
93
84
86
85
90
87
89
89
83
92
88
93
90
91
82
81
87
78
89
88
84
85
78
84
89
130
79
162
97
82
85
87
136
88
96
84
89
87
84
82
93
89
81
89
83
86
85
82
89
86
94
94
89
85
85
87
84
95
87
91
84
98
83
86
84
89
90
84
89
103
91
95
91
97
97
81
91
90
80
84
79
84
88
78
86
82
90
89
91
86
91
129
87
90
93
89
87
82
92
88
136
112
215
85
90
107
178
112
82
90
85
93
84
84
84
80
86
89
98
89
93
92
104
89
96
83
84
89
88
82
92
78
86
82
77
90
92
89
82
84
87
87
88
82
83
83
87
78
110
103
84
86
90
83
98
86
88
85
115
90
84
83
85
92
88
141
178
95
92
91
82
90
89
83
92
89
86
82
89
90
87
85
87
86
83
92
87
82
86
93
107
86
84
81
85
89
88
86
88
85
90
92
86
84
84
88
103
91
82
87
86
87
86
83
86
88
85
81
88
