150
152
149
150
495
155
138
145
161
133
133
148
157
150
140
171
138
156
154
213
157
150
156
167
146
158
171
151
180
165
138
145
151
155
154
156
157
146
142
133
156
135
149
156
148
145
144
153
146
142
141
149
147
144
141
156
149
145
170
186
143
143
150
149
142
153
143
153
164
147
143
151
149
139
149
154
138
148
213
154
148
155
140
228
144
148
148
136
144
145
140
149
202
144
142
137
145
147
147
151
132
125
130
121
173
125
121
116
121
128
125
127
109
118
131
121
172
114
123
131
158
121
132
123
125
194
125
130
136
128
157
136
131
139
149
136
127
123
132
126
149
199
215
140
135
121
134
121
131
110
139
135
137
146
125
135
140
137
138
143
130
158
130
140
149
160
134
137
132
139
139
144
133
136
131
136
134
142
135
141
151
145
152
142
137
142
142
184
130
140
137
140
144
138
130
136
119
139
135
189
119
147
158
132
162
123
131
129
170
118
138
165
186
107
127
123
126
119
119
164
118
119
107
117
115
119
129
118
119
118
139
104
117
140
122
113
134
135
119
149
117
114
135
118
124
197
220
123
120
116
157
188
147
147
128
131
141
142
137
150
148
137
136
167
169
130
138
167
152
134
135
126
134
139
134
125
130
136
142
130
128
130
132
131
130
129
131
134
126
128
122
139
135
146
130
127
190
125
147
130
188
136
136
139
130
185
127
128
128
142
130
144
127
136
130
139
132
204
136
135
157
139
134
137
133
135
132
138
133
135
133
133
138
143
128
130
131
138
137
135
133
133
140
131
136
141
135
124
130
128
139
138
129
139
139
130
137
139
135
133
144
148
137
172
138
144
139
132
135
144
135
134
139
132
139
133
130
137
132
142
149
152
138
171
154
161
153
151
134
152
139
140
161
226
137
139
183
135
146
127
135
133
147
151
134
128
128
147
132
132
139
134
138
137
140
138
135
141
132
140
132
137
136
137
135
164
127
128
165
126
137
132
140
144
128
134
129
123
137
120
132
137
131
133
122
134
132
129
132
131
142
137
133
125
145
136
132
136
208
167
156
137
192
138
141
137
149
136
132
135
150
159
128
137
187
148
138
163
140
134
132
136
139
138
142
135
135
154
135
200
135
137
132
129
129
129
129
137
129
129
137
132
143
136
181
125
137
131
142
119
134
134
133
248
138
170
142
138
126
155
136
132
132
130
142
138
139
140
129
136
132
207
134
142
144
182
130
141
134
130
139
139
131
134
128
136
153
134
137
140
136
152
138
150
149
132
134
128
127
140
125
139
147
143
126
135
127
128
127
126
125
131
127
127
136
142
129
134
204
137
133
127
140
125
146
139
152
138
146
139
147
181
138
136
131
136
124
142
136
139
134
130
125
128
143
120
130
138
139
244
124
138
130
126
126
136
134
137
137
126
137
140
144
135
136
142
161
129
190
151
191
134
175
133
138
133
130
162
123
182
131
139
131
152
169
147
132
132
134
140
155
136
140
142
144
148
138
140
133
132
134
222
128
132
135
126
138
131
170
139
140
135
132
127
135
215
134
131
128
131
129
137
148
131
133
138
135
125
135
141
136
135
142
128
135
129
132
130
137
127
153
144
135
128
131
132
131
140
131
127
134
136
167
129
124
134
127
141
127
135
130
133
135
130
133
161
188
131
129
141
132
257
134
123
131
133
138
134
118
129
133
129
149
135
124
131
129
121
126
125
132
132
136
131
209
136
164
135
128
134
133
132
129
130
125
130
115
131
146
134
121
127
127
136
132
143
127
128
128
164
134
127
129
131
133
129
128
137
128
138
129
136
130
134
132
123
123
183
149
128
172
137
135
137
138
121
138
136
129
131
126
130
143
127
137
135
130
132
130
154
221
141
133
160
136
122
128
152
185
147
130
132
129
150
149
149
152
138
133
137
152
130
154
141
135
136
133
139
136
136
135
151
183
131
128
136
133
127
127
135
133
143
148
131
140
225
133
131
136
133
153
129
132
136
133
127
133
132
137
130
131
146
138
153
129
131
140
127
134
138
121
137
128
136
134
149
130
156
124
136
135
143
136
198
138
136
139
130
130
127
122
131
136
162
138
129
130
147
122
131
133
150
139
130
128
139
145
131
140
136
125
138
138
131
145
126
131
137
128
134
135
136
132
136
171
133
132
135
134
127
194
154
151
148
131
129
134
136
137
130
130
136
133
124
129
132
149
126
138
135
563
134
130
133
128
135
134
130
141
134
128
140
144
134
136
133
131
131
136
129
137
138
137
128
156
135
134
128
126
135
176
138
137
148
140
144
133
135
124
144
139
138
149
134
128
138
136
132
138
123
131
134
120
131
119
138
133
129
127
132
135
182
130
117
127
122
137
155
152
139
139
137
139
131
189
136
131
138
124
137
138
138
133
147
134
140
135
152
132
132
130
131
128
123
269
149
179
128
134
129
134
140
131
133
126
152
136
155
137
154
140
139
131
133
193
145
193
142
141
135
138
129
175
139
142
134
134
136
136
142
