209
199
239
179
209
208
213
210
188
193
203
218
200
320
207
195
203
201
199
209
207
186
293
209
208
207
205
203
200
209
187
210
202
205
199
190
204
428
202
220
183
214
192
217
181
201
220
205
239
213
311
192
211
187
208
206
204
193
198
209
201
217
185
210
234
212
208
205
286
201
294
210
229
207
212
199
214
241
186
195
187
204
260
211
206
207
186
252
192
320
262
192
289
222
196
291
185
203
205
201
178
179
180
175
164
154
249
150
165
174
198
212
158
182
198
218
176
176
181
183
177
163
171
183
186
155
167
186
155
206
172
174
174
171
174
156
181
171
163
160
183
176
174
158
174
170
177
180
164
180
188
191
185
217
190
205
192
188
176
164
228
193
199
264
211
186
182
175
193
193
175
183
168
200
186
188
198
192
192
189
191
185
200
217
184
187
219
195
190
184
181
201
203
187
192
175
191
166
180
194
197
163
183
172
154
214
200
183
174
185
253
179
179
178
168
160
159
206
238
170
240
173
190
152
156
157
175
159
171
194
154
177
161
165
170
151
166
170
164
173
203
162
196
166
183
161
166
155
238
150
185
265
189
177
173
225
228
181
187
184
183
181
183
190
182
257
233
200
191
186
186
172
190
188
187
190
257
173
188
188
184
181
189
168
187
184
182
173
187
173
259
182
167
207
189
171
192
262
194
201
189
205
206
208
179
224
188
190
191
189
193
221
186
191
192
190
210
221
187
187
226
186
196
175
194
202
192
198
193
239
191
183
186
241
185
176
170
194
182
215
225
167
197
179
191
191
191
194
213
179
186
194
191
190
178
189
187
194
185
183
176
190
184
181
200
190
198
179
197
172
184
180
196
190
198
176
182
199
182
190
192
191
186
184
179
192
174
186
181
192
166
191
230
187
181
176
290
192
179
199
182
227
180
172
178
177
200
192
183
182
184
190
180
182
183
185
188
189
181
187
188
228
177
183
307
174
178
179
185
186
180
186
222
169
182
199
197
225
222
186
160
193
159
182
186
163
177
192
186
173
181
188
216
187
186
175
172
185
270
178
187
178
183
192
170
187
240
179
202
203
185
188
169
168
188
185
188
236
184
175
191
172
180
187
186
190
178
178
252
184
243
173
182
174
175
185
172
174
186
172
186
192
183
192
265
192
183
264
182
182
173
219
177
195
220
179
189
186
179
178
164
182
197
168
194
177
225
191
172
180
204
331
187
186
190
190
168
196
173
205
239
186
188
199
236
192
187
197
187
169
179
207
206
232
185
192
182
198
183
196
190
189
217
193
209
167
222
163
181
189
190
180
184
185
187
191
184
188
191
188
190
271
174
186
189
191
237
168
193
183
206
165
211
189
186
182
176
180
180
178
188
206
172
191
174
204
188
180
178
184
188
172
183
184
184
211
210
168
198
203
188
188
187
192
189
189
186
191
200
188
190
189
188
187
190
181
206
181
202
185
171
187
189
190
200
173
176
190
193
184
215
184
265
189
195
183
181
188
208
178
172
257
179
197
205
183
170
177
186
190
187
188
243
182
167
223
185
190
173
187
212
178
185
175
216
184
210
182
210
177
167
181
208
165
185
191
206
181
190
185
185
258
199
180
187
165
187
205
190
190
198
200
168
189
179
184
188
186
219
180
188
188
188
220
243
179
206
188
186
190
174
269
166
188
180
224
241
184
216
199
166
191
185
180
191
181
186
181
185
176
172
178
183
207
183
184
187
178
202
185
189
190
195
187
188
187
203
178
183
194
181
182
196
190
186
187
203
190
180
172
192
192
182
718
166
598
187
181
223
182
187
190
167
186
184
171
187
182
183
181
205
186
184
187
192
176
198
207
189
245
186
189
176
184
171
239
184
192
176
166
274
189
172
211
161
213
192
187
168
182
182
189
183
187
179
192
185
189
181
188
177
164
213
188
191
187
189
190
192
187
207
181
191
184
212
194
177
179
188
185
293
187
173
194
197
178
180
196
173
161
182
171
182
186
172
182
179
179
179
189
175
185
176
187
172
182
182
173
177
186
183
187
267
187
184
183
194
178
176
180
163
179
184
170
194
187
175
185
185
186
200
182
225
179
200
210
177
185
183
187
193
188
188
184
180
187
218
193
188
169
188
183
187
175
194
185
199
175
185
184
179
187
190
172
229
187
203
228
188
174
205
176
185
375
187
185
191
182
186
190
246
167
191
636
183
174
185
185
187
185
167
223
196
185
179
180
184
172
295
195
185
221
171
180
183
183
187
179
180
188
218
223
188
171
209
186
187
170
213
187
190
192
190
187
177
174
178
176
190
192
201
196
258
180
189
189
186
206
193
179
187
195
192
181
197
187
217
211
185
196
195
193
187
189
199
210
197
212
246
210
200
188
207
260
210
190
190
220
203
188
191
196
177
194
191
188
189
197
179
282
195
184
260
194
190
196
192
186
207
198
189
186
182
183
180
194
178
185
184
189
213
191
187
197
171
215
185
183
184
183
192
204
182
197
176
247
196
185
225
199
