277
266
293
242
265
273
241
251
282
254
263
274
246
266
223
262
255
257
264
276
253
257
259
265
323
242
293
274
258
269
258
272
275
340
275
259
283
272
266
272
314
278
340
268
247
247
262
332
253
346
299
256
273
268
276
287
259
267
271
285
286
261
265
269
304
249
370
352
320
285
272
236
281
260
247
250
219
273
267
287
228
263
243
270
269
266
335
257
253
277
269
262
283
224
265
266
237
264
250
263
221
237
214
233
216
239
237
201
348
219
222
208
209
234
221
243
234
270
190
228
227
228
215
199
203
236
241
259
229
226
224
209
228
236
224
225
225
228
218
225
238
217
217
213
206
222
218
206
355
232
238
242
241
244
219
246
242
229
333
216
225
228
233
229
307
233
248
226
216
248
451
223
228
252
248
243
328
293
246
231
230
246
236
229
242
252
245
242
267
230
228
252
223
288
244
238
256
222
216
247
231
206
242
235
288
216
210
216
260
212
200
230
221
241
225
204
312
186
219
268
263
213
192
224
226
233
220
279
347
189
253
238
211
188
213
208
286
217
218
216
216
221
186
211
215
209
229
200
221
219
232
249
318
239
246
221
222
251
276
351
240
380
218
290
241
287
228
215
249
330
216
238
232
250
246
263
215
235
241
247
235
223
209
254
222
248
257
262
254
244
265
258
247
254
233
269
233
228
301
239
252
253
254
254
219
261
265
244
246
244
245
223
239
245
227
245
239
249
283
243
252
240
247
256
249
245
237
246
239
259
290
247
248
303
231
259
232
327
264
241
297
234
244
262
233
256
240
282
221
277
249
287
241
326
238
252
352
323
247
252
255
385
240
232
272
250
230
245
236
248
248
241
248
244
270
239
245
243
247
245
235
289
241
253
240
250
241
244
287
247
306
233
245
226
243
388
271
252
245
241
238
309
239
241
289
242
225
243
230
302
255
263
246
272
229
240
259
227
250
283
252
245
246
285
261
275
259
244
248
246
236
244
228
240
247
222
211
249
266
241
235
230
230
248
227
262
272
240
244
249
247
244
239
218
359
239
235
248
245
228
238
242
249
216
250
242
261
250
266
251
367
221
248
251
237
214
269
284
246
241
227
282
236
235
251
241
230
227
237
278
285
213
245
245
244
242
246
308
254
262
312
236
238
238
247
333
251
240
240
326
243
238
349
249
236
219
253
221
236
283
228
232
237
228
222
224
249
254
242
213
239
278
240
215
243
239
236
234
333
221
241
263
219
238
227
238
259
253
235
237
352
248
331
309
248
246
245
238
247
307
248
238
320
238
235
244
245
248
241
320
216
261
233
243
266
247
284
244
298
252
238
228
242
241
242
258
245
270
241
381
250
246
259
236
245
242
241
263
247
272
249
237
251
253
251
246
250
253
265
237
246
247
247
247
240
244
248
300
216
238
245
240
258
227
278
230
246
247
242
293
244
241
226
245
246
224
330
240
249
243
250
242
246
238
240
225
247
248
249
237
240
237
251
226
219
254
248
246
254
247
246
249
245
254
279
242
259
283
217
262
338
245
245
250
234
233
262
251
237
248
275
234
245
235
243
241
245
244
248
245
257
247
249
245
262
261
291
237
243
286
238
242
245
255
215
252
246
245
310
243
250
253
244
250
250
243
298
247
247
247
288
241
260
245
245
227
233
294
245
245
312
246
249
241
271
259
244
243
251
218
239
281
310
221
264
248
225
244
326
227
243
250
215
225
247
248
251
242
243
248
227
227
242
247
224
278
243
268
253
245
245
241
246
230
331
243
260
242
284
269
329
255
243
229
244
238
229
254
231
256
249
247
295
214
243
239
219
260
275
250
245
240
239
243
248
242
214
261
248
257
298
238
268
254
242
242
263
243
261
248
271
237
246
241
215
256
255
243
249
275
229
226
230
245
226
257
259
310
262
239
245
265
246
296
226
246
233
238
247
282
254
339
227
292
240
263
243
264
254
245
240
256
228
241
241
243
243
259
239
282
294
241
238
208
231
248
249
224
230
248
243
246
237
247
241
249
247
267
264
312
243
227
229
264
263
258
246
238
237
253
215
199
223
240
243
254
249
211
251
255
247
264
224
248
249
315
215
268
307
242
248
282
238
247
252
248
241
255
282
234
298
240
264
243
254
241
251
278
336
291
243
245
267
227
241
250
257
244
236
242
250
245
237
262
225
238
252
257
304
252
237
238
235
243
244
216
245
240
246
244
267
239
241
275
237
243
213
264
245
238
243
320
269
244
325
239
242
294
244
249
291
240
243
259
249
230
243
242
237
242
249
242
246
273
249
296
252
247
239
243
258
245
243
235
216
332
228
231
252
250
257
250
246
243
206
271
247
245
253
229
251
248
272
245
240
259
244
294
232
261
254
228
293
250
249
225
246
320
247
249
305
232
333
287
209
289
253
242
316
304
251
247
238
229
246
246
222
368
255
249
243
252
248
247
237
231
246
231
249
290
246
255
247
234
290
249
241
233
246
251
248
246
254
328
287
219
243
262
258
241
