325
311
355
331
340
337
336
347
299
535
338
290
372
314
366
328
508
357
314
327
358
302
320
324
299
337
304
346
367
303
344
313
362
374
384
323
312
343
339
338
343
416
334
397
326
330
334
327
326
331
330
331
336
328
324
390
341
326
314
290
338
337
320
466
333
334
431
348
343
362
354
342
365
329
338
341
331
326
329
325
327
333
286
395
329
332
374
341
278
324
451
332
325
398
320
305
293
324
312
307
287
287
279
338
314
305
292
306
281
268
282
259
388
274
280
243
278
331
279
3547
277
259
374
261
276
282
349
281
407
281
256
244
294
273
284
272
298
288
268
273
266
264
280
276
265
282
253
275
285
341
281
314
383
301
330
289
310
294
299
299
269
384
280
309
388
302
323
326
297
311
300
284
281
309
313
303
301
287
361
298
307
396
301
303
358
303
492
423
311
291
455
306
498
304
303
319
297
305
313
310
307
331
257
290
286
266
243
307
257
266
273
266
265
339
266
263
269
240
293
260
241
314
298
271
340
269
270
275
280
313
278
284
281
282
318
272
249
292
606
311
316
297
282
282
312
285
284
284
248
290
312
330
314
299
336
318
317
331
301
335
300
300
288
306
300
306
314
302
296
286
277
285
302
286
365
301
302
267
269
257
298
281
285
262
295
290
375
268
301
295
379
298
298
302
284
266
307
361
370
372
299
306
303
302
302
377
310
296
272
310
306
412
288
395
302
313
303
323
305
307
303
271
344
300
287
408
286
298
314
304
276
359
307
308
299
305
304
275
304
313
307
312
317
316
326
322
350
317
317
305
301
305
326
279
301
306
268
310
304
299
304
339
289
303
302
306
290
306
302
341
273
337
301
303
271
307
297
299
344
306
275
307
308
284
390
305
300
299
300
295
304
381
318
297
302
353
270
302
296
327
283
313
298
264
307
281
268
309
295
308
308
304
314
283
307
323
300
302
319
313
303
306
336
267
295
285
373
305
267
336
299
279
302
357
272
310
306
295
303
346
302
321
305
319
304
312
306
411
301
353
327
288
401
299
273
323
302
308
299
404
301
305
270
310
304
324
313
289
302
299
300
302
301
359
319
282
303
314
384
304
280
415
307
435
314
304
303
311
308
301
373
304
309
293
429
309
486
303
297
282
284
282
310
277
377
749
263
396
298
302
269
288
289
288
292
282
255
324
298
298
290
888
294
291
300
296
294
290
291
295
308
295
297
284
293
317
365
325
303
282
288
290
363
373
431
321
307
294
287
299
292
303
271
303
301
305
297
396
352
295
288
310
300
304
395
296
306
373
285
303
373
309
300
339
302
304
300
299
393
297
301
301
301
298
276
301
306
296
384
306
300
412
273
301
290
302
314
349
293
316
305
300
321
285
318
378
302
301
301
309
380
303
302
306
392
314
311
304
378
294
307
321
315
304
313
304
299
304
299
292
302
303
309
301
282
284
301
322
288
426
321
381
298
304
348
298
415
324
302
299
356
308
299
297
316
273
298
365
315
305
333
303
431
336
299
284
394
336
271
348
310
304
288
269
302
300
294
352
285
295
293
372
295
305
307
286
321
307
352
325
312
297
300
306
300
322
322
303
299
305
300
297
269
269
294
354
268
301
304
312
297
311
297
306
304
273
328
356
303
320
295
300
310
321
297
307
313
305
319
308
304
308
301
312
312
284
302
334
293
351
310
309
306
300
312
306
293
334
271
304
312
335
318
314
285
300
324
306
407
347
287
345
301
337
296
310
299
284
299
295
319
288
282
297
288
274
268
321
311
272
297
311
287
292
262
297
282
305
395
265
267
311
287
290
275
344
319
299
307
334
290
295
294
300
298
299
431
308
289
301
294
280
299
292
302
295
321
348
306
304
346
311
270
307
297
308
297
280
308
286
306
311
265
283
343
292
293
293
262
304
281
293
294
300
314
300
292
301
327
354
297
298
307
299
314
297
302
321
337
362
313
300
284
310
312
294
312
366
300
332
298
346
420
296
320
301
297
341
715
283
252
275
288
309
276
294
288
293
312
293
298
318
369
281
360
286
306
279
301
314
355
252
311
291
274
279
298
262
290
351
312
293
299
310
471
277
279
291
342
295
331
462
305
302
296
284
291
291
390
319
317
294
285
301
291
298
331
403
295
283
289
303
297
285
308
309
262
370
318
297
307
312
300
271
307
303
775
306
272
409
369
302
297
304
297
310
368
294
315
294
295
300
347
302
348
313
301
302
292
297
403
355
300
312
301
316
343
301
298
296
298
335
318
331
299
312
302
271
321
321
291
315
312
333
278
309
317
294
297
456
273
300
302
297
315
284
366
547
325
310
385
300
279
317
304
308
299
329
395
313
362
303
293
272
315
286
297
297
333
297
312
289
306
369
267
398
293
302
311
338
306
305
290
303
367
342
325
292
342
303
300
338
321
304
287
300
355
306
303
287
300
304
324
297
334
325
302
295
347
302
301
306
288
302
298
272
302
311
296
306
314
298
299
292
307
295
296
306
298
297
