358
396
402
529
346
337
445
417
409
417
453
378
470
515
393
345
392
469
513
380
380
355
381
396
451
521
422
475
405
362
460
371
364
377
364
437
340
390
445
433
384
376
386
473
422
421
380
397
405
360
400
494
377
382
377
600
434
390
452
382
364
417
377
378
381
362
381
340
369
334
397
410
400
414
464
461
383
494
403
388
414
456
381
383
407
397
376
410
381
398
374
412
416
416
528
440
400
390
390
387
338
339
313
307
295
320
425
269
394
397
319
320
308
337
376
327
443
298
313
337
313
365
386
327
835
361
310
380
342
338
333
514
282
487
301
319
334
317
327
344
348
332
325
341
324
321
337
323
331
321
570
363
386
366
426
367
434
469
346
490
358
412
374
357
351
343
369
366
357
356
417
350
358
316
360
392
338
382
358
365
354
371
336
372
449
389
360
351
362
408
393
398
357
371
360
400
422
320
361
343
334
445
369
381
288
319
418
358
322
338
323
337
357
331
324
334
426
323
354
412
382
334
372
337
358
315
342
333
334
326
360
343
337
328
339
386
374
394
314
316
367
312
398
391
332
387
372
337
329
328
361
380
411
451
433
383
362
443
405
393
548
374
509
372
395
360
376
368
299
358
351
431
384
360
356
426
330
356
348
351
325
319
329
341
312
381
413
329
329
389
425
314
326
310
329
282
329
371
329
319
429
363
362
431
380
371
363
413
348
369
359
368
336
434
374
351
427
378
391
377
372
434
349
375
347
362
378
381
342
415
474
367
360
362
357
326
393
455
344
366
362
400
360
364
394
399
436
349
365
359
338
419
357
320
428
453
361
350
371
345
362
361
421
399
446
448
368
380
338
360
350
406
348
362
352
355
365
354
455
356
359
360
465
361
355
449
465
357
351
355
343
324
356
371
370
326
380
416
318
349
353
354
360
376
376
359
363
376
372
408
386
360
369
324
362
396
482
392
370
361
357
358
377
410
643
445
402
329
391
375
344
361
419
393
324
366
373
462
472
368
360
409
354
323
416
451
344
364
356
362
432
320
349
356
346
366
348
357
353
362
341
338
335
341
357
375
448
502
362
347
368
359
381
363
328
356
375
364
405
369
423
350
431
372
324
357
345
333
359
360
367
357
358
371
575
379
368
396
347
356
359
353
354
351
385
357
381
394
383
371
409
376
349
353
329
423
372
352
399
357
369
354
369
385
327
375
377
362
371
359
447
361
343
380
368
356
419
352
355
414
363
365
824
349
330
365
361
392
443
337
364
345
378
378
326
372
383
357
383
354
357
355
376
341
356
372
373
371
356
361
346
428
488
482
379
368
372
343
342
423
411
348
352
348
345
402
360
369
364
456
362
351
376
376
359
365
359
458
397
444
369
369
378
379
375
392
404
363
463
361
365
423
364
356
372
1180
504
363
359
349
417
384
357
349
356
352
365
360
373
445
481
350
366
474
412
367
363
355
470
454
364
384
360
399
387
348
359
460
361
366
313
352
382
386
355
321
362
331
312
355
372
329
358
355
345
360
363
332
343
374
379
337
353
347
372
375
368
379
379
361
397
368
398
360
352
357
347
495
397
364
389
375
366
357
418
343
359
342
437
369
367
339
371
390
368
370
398
328
398
362
334
370
382
360
386
353
369
381
380
361
398
407
367
359
361
385
317
489
375
364
453
361
359
357
355
365
341
417
377
369
365
388
376
342
370
384
368
382
476
364
421
370
337
374
432
455
399
367
345
778
316
362
357
358
378
353
360
361
375
358
303
408
356
377
370
361
350
332
373
322
363
355
363
364
355
356
482
399
371
369
373
370
390
364
427
361
360
406
430
355
370
339
364
369
362
371
371
365
360
362
362
325
368
362
341
375
394
347
322
374
363
361
323
363
370
372
356
346
340
435
362
357
367
447
343
328
358
361
333
361
384
360
350
368
341
386
367
404
328
357
370
590
377
402
374
348
348
362
354
361
359
360
363
426
334
350
356
359
362
402
321
367
403
381
379
363
354
371
361
362
446
346
365
364
389
360
365
361
368
355
352
396
357
398
355
361
370
364
364
362
371
378
353
354
432
360
364
365
415
367
383
396
394
358
358
376
374
396
359
375
367
324
353
380
367
420
343
364
397
357
375
353
346
360
357
373
352
359
361
362
358
361
371
378
365
363
384
388
411
446
357
356
375
343
375
360
399
359
356
429
391
374
429
364
361
364
363
363
368
359
340
358
407
323
354
400
384
356
346
358
352
323
361
425
369
372
368
470
368
357
362
368
364
361
349
357
355
364
376
381
348
354
339
373
380
415
350
350
372
330
381
357
381
371
376
388
361
445
357
351
350
422
362
366
353
671
358
361
402
363
326
450
437
356
353
354
361
331
387
365
363
364
331
380
511
428
408
361
366
377
351
354
369
379
365
315
362
371
377
358
351
358
362
394
325
482
414
402
376
387
369
379
452
367
369
368
376
361
367
387
399
363
379
356
365
443
358
363
482
376
365
442
370
360
365
430
393
360
389
366
