477
545
458
431
414
423
574
423
430
419
459
415
407
499
466
470
417
540
437
412
402
434
427
1051
416
460
431
425
512
429
393
410
419
407
427
397
400
392
407
410
439
389
404
424
448
403
380
419
455
418
490
510
493
436
534
428
399
403
431
471
414
441
411
500
390
436
392
421
382
986
504
441
422
387
463
430
408
454
484
441
446
570
625
459
487
463
495
438
386
385
373
534
434
408
449
426
514
498
418
375
371
380
358
319
344
347
332
386
382
349
340
420
418
337
366
326
338
323
415
356
343
379
317
360
327
420
344
355
344
353
381
374
357
353
405
377
346
376
361
416
366
421
370
350
446
330
397
409
387
379
401
425
425
483
392
401
406
502
473
457
426
441
438
373
392
418
451
431
400
438
409
523
486
385
378
380
462
382
383
380
488
406
381
427
427
420
389
408
404
394
391
599
481
401
415
414
466
395
385
446
410
385
381
377
360
396
463
440
394
376
581
397
411
434
428
387
441
417
430
372
381
383
436
343
461
456
492
514
587
557
449
425
498
447
409
428
407
400
398
458
364
348
408
426
462
375
410
380
489
384
395
434
462
483
424
394
391
436
403
374
396
368
384
419
390
413
337
469
422
386
421
379
341
387
367
383
399
370
413
420
379
397
371
411
370
389
410
381
376
423
385
383
360
427
406
422
398
419
402
371
510
448
417
429
380
438
449
430
436
491
424
378
418
503
420
420
385
446
403
421
442
443
435
413
414
513
382
392
478
423
517
421
428
423
383
419
383
410
481
477
403
421
428
429
410
439
446
425
461
424
410
423
427
381
419
429
411
380
423
406
418
481
412
412
401
499
420
407
420
438
420
418
424
434
410
375
418
484
385
433
452
463
413
474
396
424
409
429
412
410
414
427
419
433
408
416
484
440
415
442
518
436
430
415
426
504
430
427
440
418
423
513
406
425
434
428
518
468
486
430
438
431
501
420
517
370
413
416
444
424
447
415
416
440
410
409
458
408
430
416
429
402
454
418
434
414
496
420
420
417
421
451
565
410
414
461
438
390
416
494
429
400
430
407
432
397
432
420
414
432
412
413
420
365
417
434
425
412
448
413
534
415
438
416
502
518
409
414
410
386
421
576
427
406
425
420
419
415
433
401
480
446
417
424
435
430
419
398
433
419
445
408
425
449
420
433
410
419
426
430
423
535
484
406
402
418
417
433
481
410
501
422
427
443
419
423
540
671
414
414
421
498
541
434
411
380
422
423
470
418
411
434
458
424
423
407
415
436
414
413
391
436
472
408
506
406
416
470
410
424
417
446
526
430
424
410
433
433
437
382
430
411
492
369
418
411
413
408
397
404
384
426
412
408
450
397
432
420
383
507
535
448
423
397
407
438
427
396
402
446
419
423
418
439
492
431
426
375
518
422
418
419
411
454
409
417
394
373
443
424
416
386
429
443
418
488
414
445
485
403
424
432
385
417
410
401
462
426
438
492
423
426
486
421
413
453
424
425
433
422
430
407
425
421
427
421
419
448
495
422
426
421
474
406
418
420
551
424
545
421
426
437
416
422
439
433
477
418
440
415
418
443
496
433
406
548
432
437
399
424
427
437
431
450
559
537
437
446
537
418
417
430
444
418
442
538
410
436
431
420
426
412
412
430
464
434
504
440
446
439
416
439
433
519
441
426
408
445
491
426
463
437
427
488
420
548
416
430
521
425
545
423
405
423
486
415
419
521
433
443
416
477
380
417
411
448
462
410
434
414
430
422
410
571
419
454
417
430
406
375
504
418
418
425
406
419
479
430
414
414
394
563
499
401
368
467
472
390
475
412
424
413
534
515
421
421
446
448
408
516
404
441
572
492
487
427
419
420
522
542
433
407
424
407
440
423
432
423
418
413
423
413
441
926
420
419
439
427
434
547
471
437
414
423
487
401
423
498
412
377
441
411
472
496
426
418
428
437
444
431
419
451
529
427
456
504
473
444
452
420
425
426
411
411
436
382
442
458
423
430
392
423
496
427
428
439
477
393
419
418
436
481
483
409
416
495
424
442
424
417
450
411
421
428
526
421
420
421
425
414
422
425
416
432
417
425
483
432
420
420
472
444
437
432
427
415
467
438
416
451
435
404
384
427
426
496
457
413
416
495
576
451
378
520
433
436
433
416
440
410
394
408
411
446
414
477
412
501
430
422
426
514
431
414
455
440
432
425
430
458
419
420
500
455
425
406
431
428
409
458
380
439
451
418
503
566
424
420
435
448
446
453
508
414
415
417
487
434
378
414
485
443
432
391
443
440
442
429
472
396
427
456
466
427
429
524
434
429
493
512
447
420
464
397
419
451
412
422
446
440
398
398
376
430
464
393
498
452
420
447
422
449
420
422
468
450
465
417
390
441
482
422
420
415
425
400
439
438
457
462
444
431
423
488
442
448
418
450
484
411
424
471
428
498
422
441
379
426
420
395
485
462
426
525
419
427
413
409
477
433
426
420
470
444
466
571
431
516
466
454
