461
466
529
486
726
598
526
473
479
457
541
511
496
526
559
515
519
502
550
675
881
697
486
586
482
640
521
794
556
653
564
491
534
508
485
504
492
547
500
500
529
530
569
551
508
635
655
607
554
490
503
603
498
504
512
483
486
478
480
715
527
500
565
504
508
526
509
490
494
494
600
518
517
578
549
488
534
566
638
613
545
476
464
532
503
535
510
517
760
603
490
613
501
518
483
538
485
546
689
597
422
428
483
440
385
399
525
408
526
424
387
379
408
372
409
488
485
380
427
799
502
389
429
522
356
447
421
457
525
408
438
433
422
409
506
489
409
390
411
382
381
366
362
356
442
531
420
451
474
419
468
529
548
506
491
461
447
451
435
443
432
467
456
470
458
486
434
494
455
452
454
495
599
507
488
699
453
484
550
470
476
554
483
510
460
467
492
460
675
477
410
497
436
458
463
469
463
464
463
460
482
472
446
460
449
467
537
539
457
396
495
467
585
483
543
528
441
468
470
488
472
645
489
453
449
455
481
592
516
464
498
535
488
553
531
424
525
528
458
452
488
581
557
542
500
455
478
540
546
499
466
460
467
524
454
514
463
472
483
509
456
460
550
457
565
571
567
435
444
515
597
539
519
423
549
421
451
582
454
428
506
519
439
470
614
515
462
525
557
476
459
523
573
518
436
483
463
439
478
512
513
517
498
486
566
515
530
524
509
604
500
445
583
518
549
633
550
537
489
600
610
464
508
566
505
4371
677
566
609
553
551
506
518
570
602
661
489
499
446
542
486
485
644
544
533
477
580
481
524
534
504
480
468
502
481
480
491
503
443
504
469
547
473
462
485
524
468
484
468
508
550
490
498
891
507
528
448
554
547
490
519
493
459
477
506
476
509
479
497
577
478
491
478
503
548
484
435
481
634
543
497
509
521
564
478
510
498
478
486
460
493
474
422
489
471
489
445
480
506
471
498
485
742
504
470
442
490
503
542
490
557
515
475
598
620
540
576
492
483
509
502
502
511
484
519
500
488
532
533
522
595
485
491
522
452
570
491
513
555
516
486
473
504
543
477
574
625
608
499
505
511
516
519
499
527
525
495
506
498
698
427
680
497
500
511
506
591
514
499
509
603
511
488
505
516
554
528
619
449
501
463
490
465
471
495
500
518
478
472
477
509
530
503
443
489
488
477
501
489
492
488
512
448
467
486
492
513
466
538
572
507
477
499
594
495
489
872
510
473
509
605
516
468
398
469
581
573
485
490
549
487
483
492
464
486
474
501
473
500
495
495
475
425
492
492
497
496
514
492
497
492
478
563
443
500
467
448
510
477
473
465
582
505
458
479
494
480
497
478
500
476
530
490
493
488
490
496
484
487
487
533
505
465
516
505
491
511
465
507
572
574
505
485
511
494
521
627
484
477
544
551
487
490
523
477
508
532
466
511
513
475
485
508
489
524
476
480
461
571
533
493
505
480
479
585
609
461
488
489
565
582
593
490
488
526
523
506
495
524
413
600
508
488
563
515
1055
483
601
509
498
511
494
488
449
466
500
503
455
524
481
662
599
496
499
516
474
509
530
605
577
626
439
486
472
503
431
622
442
493
513
507
501
479
480
495
511
562
575
520
465
554
516
490
496
455
523
521
440
454
455
512
465
409
486
534
615
559
485
513
488
473
437
481
506
492
446
483
512
447
520
506
549
597
532
560
521
573
506
484
453
536
581
470
493
430
435
509
538
553
485
509
570
526
489
436
487
566
488
486
491
503
472
709
522
508
568
484
530
533
470
527
477
484
501
473
514
486
471
533
537
533
563
490
472
529
503
485
627
581
545
831
442
497
485
504
516
569
493
496
494
483
503
530
498
500
503
483
482
529
494
594
489
509
481
489
537
522
531
489
541
486
482
513
500
531
503
468
500
550
493
441
478
488
649
485
508
486
486
463
604
459
524
477
501
496
465
471
506
474
437
414
478
484
503
516
492
553
483
490
471
668
528
551
509
487
526
471
639
430
514
484
530
567
494
509
478
569
494
501
479
507
498
536
610
468
514
500
533
552
468
486
476
508
487
463
559
500
491
497
486
478
594
518
509
477
520
616
498
461
580
471
519
530
611
592
595
527
534
490
516
488
497
487
483
570
601
573
570
551
505
484
506
454
509
647
625
575
591
482
565
597
572
490
543
460
489
483
568
641
587
575
522
530
547
673
574
530
1061
610
596
496
498
448
500
498
549
497
476
544
495
468
531
436
506
524
621
508
495
582
482
447
474
494
526
514
514
524
508
532
588
529
497
482
547
520
627
562
472
495
495
527
514
487
706
484
484
530
643
534
557
466
531
541
540
544
542
566
641
632
549
479
545
533
493
583
496
559
528
506
554
533
563
503
530
931
561
513
650
516
561
610
689
509
520
460
544
551
519
502
543
548
492
591
561
530
554
656
529
570
540
555
463
504
648
537
524
484
534
513
581
542
484
521
542
563
593
597
507
535
596
552
461
679
540
525
519
542
517
694
546
