53
48
50
48
48
70
49
45
52
41
46
44
42
44
46
43
43
45
46
40
41
43
47
39
49
44
44
42
40
43
41
44
42
61
58
45
42
45
45
44
43
40
38
45
44
44
44
41
45
43
46
51
45
46
50
40
65
42
43
44
40
43
43
42
42
43
47
42
44
47
45
44
45
44
49
49
46
47
44
41
73
45
41
91
45
49
45
44
46
42
50
46
61
49
46
43
46
45
44
46
41
41
45
44
38
40
37
87
40
41
42
39
39
40
42
41
39
39
39
42
41
42
40
40
42
67
41
39
40
38
39
38
42
37
80
38
37
37
41
36
36
40
58
39
36
37
40
41
51
37
42
47
46
39
48
43
40
48
48
47
42
40
45
42
39
40
37
40
43
74
43
50
44
42
38
39
43
38
40
44
56
44
41
42
40
44
42
42
71
45
43
46
47
43
46
44
44
45
48
56
40
41
44
36
40
38
36
35
37
34
36
39
37
38
37
38
37
38
35
37
38
56
53
37
42
40
39
37
41
40
37
45
37
37
39
36
40
37
105
40
39
112
36
37
39
37
51
35
39
38
44
44
43
51
43
45
45
59
44
43
59
44
44
52
41
37
42
43
43
44
41
47
63
39
42
40
38
41
45
40
41
41
40
40
46
43
41
41
41
360
41
47
44
41
44
38
43
39
40
40
48
45
46
45
44
44
42
43
48
43
58
41
40
40
42
43
45
43
41
44
41
41
40
39
42
41
44
57
44
43
42
41
43
47
39
43
41
51
42
44
43
45
60
43
43
40
45
45
45
41
44
43
45
43
39
55
51
38
42
42
40
44
40
44
43
68
42
43
41
40
44
40
39
39
41
42
40
40
52
46
44
41
49
50
39
39
39
39
43
51
40
42
42
46
40
43
40
45
42
43
50
46
47
47
48
44
43
41
45
42
48
45
42
44
43
42
47
43
44
42
43
41
40
41
42
39
40
44
39
60
41
46
41
43
39
41
43
46
48
140
44
56
47
45
47
44
48
46
44
45
46
44
45
79
43
47
44
43
42
47
42
43
44
41
42
45
48
43
42
44
46
44
78
46
45
46
42
46
44
45
40
40
39
40
42
39
42
46
46
46
47
48
48
47
50
47
59
43
44
44
50
41
47
44
44
89
40
39
43
43
42
40
41
40
41
41
40
39
41
38
43
44
39
61
41
44
40
41
43
46
43
40
42
42
43
41
53
41
40
40
40
41
38
42
42
39
61
41
41
39
49
48
48
49
48
41
47
44
45
45
48
46
44
43
45
43
45
44
46
49
46
45
48
46
44
41
40
42
41
45
39
43
40
41
39
39
43
44
41
46
41
61
44
42
44
41
44
41
41
40
41
43
48
53
40
44
40
67
41
62
38
42
47
41
41
42
41
43
43
40
45
42
40
42
43
43
41
42
40
41
41
49
50
56
39
43
41
42
48
42
42
49
43
112
46
47
42
46
44
47
45
53
44
41
80
44
42
58
44
46
42
43
43
43
45
43
41
42
42
48
44
42
40
44
44
42
43
40
42
43
41
40
40
41
41
43
43
39
41
41
42
43
42
40
41
42
42
44
42
41
41
42
41
41
40
42
41
40
40
39
40
42
40
39
44
42
44
44
47
42
46
44
48
68
43
45
38
44
42
44
43
42
41
44
39
48
42
39
40
41
38
43
42
40
56
42
43
42
43
40
43
61
39
41
43
44
42
41
41
42
40
40
42
46
41
41
42
44
39
40
45
41
41
41
41
71
43
44
40
42
44
40
42
42
41
42
38
54
43
39
41
41
41
42
39
43
42
41
40
40
47
51
47
55
48
45
48
58
44
42
47
68
46
59
46
43
40
42
46
42
39
43
44
40
66
42
41
42
38
44
42
43
43
43
51
43
43
41
45
40
43
41
42
42
41
42
41
41
43
39
43
40
42
43
43
40
40
41
41
40
40
42
40
40
44
41
47
47
50
41
41
44
47
43
39
59
47
45
44
39
46
42
39
42
40
40
40
41
41
44
42
40
40
44
46
42
41
45
42
40
59
39
42
41
49
50
40
43
44
40
44
40
42
42
42
45
45
41
41
41
39
41
41
42
42
41
40
44
45
43
43
40
52
48
49
129
46
54
38
41
42
40
41
41
40
41
39
43
41
39
41
41
39
44
41
41
41
43
41
41
41
41
40
40
43
42
40
43
41
44
41
42
40
41
41
47
45
47
43
41
43
49
40
40
219
39
40
41
39
43
42
40
38
44
38
42
37
41
41
44
49
49
50
48
43
50
59
45
43
41
43
40
40
43
43
46
41
52
41
42
42
46
44
44
42
44
42
40
42
42
41
40
42
43
40
47
43
41
43
44
44
44
44
43
43
47
41
42
41
43
45
44
40
42
42
42
42
38
41
45
42
39
42
40
43
43
44
41
43
42
40
41
40
46
43
49
44
47
40
49
42
43
43
41
43
43
42
41
39
43
42
39
41
41
43
40
41
56
42
43
