589
557
554
557
523
561
648
562
515
584
551
542
620
512
701
608
543
517
537
526
562
523
539
555
544
510
638
535
508
621
577
571
612
549
525
528
584
529
563
552
572
546
600
668
647
522
517
524
656
524
678
587
592
550
637
629
545
657
495
586
654
545
516
533
504
509
512
570
631
543
516
512
511
554
578
528
560
799
599
591
556
570
510
582
504
611
549
531
633
608
538
552
581
542
640
591
555
618
805
666
515
497
513
405
453
540
454
416
413
452
548
423
540
666
426
504
450
447
492
440
428
456
412
582
547
453
422
512
548
508
471
477
467
514
498
474
579
499
451
439
555
477
547
499
439
395
495
461
483
487
619
633
535
602
540
597
572
579
582
576
521
525
515
495
505
496
506
466
496
523
551
563
752
484
488
574
561
573
469
546
515
472
530
544
524
574
539
491
496
533
494
504
503
515
563
506
494
584
519
518
582
523
531
530
689
658
522
504
513
631
683
552
525
554
536
569
564
581
584
598
770
589
589
591
558
536
642
509
495
514
508
586
640
524
555
530
525
610
539
545
511
497
548
532
639
536
510
541
542
656
547
507
547
570
555
502
640
668
589
543
542
456
606
522
544
541
498
552
609
587
521
549
547
538
597
588
529
544
590
583
597
559
441
558
615
556
551
543
543
525
520
512
468
546
502
610
546
533
500
534
576
572
604
586
611
603
610
752
773
602
596
578
587
616
606
521
571
619
705
574
535
582
548
543
562
582
570
639
561
590
597
694
556
579
600
663
558
590
591
626
681
680
653
521
582
565
713
662
571
579
546
532
529
535
550
531
524
570
567
529
544
545
493
555
700
639
527
554
545
568
591
563
536
531
682
624
562
595
535
598
607
550
696
562
550
566
603
669
568
590
569
537
543
643
515
601
524
649
533
530
553
624
572
511
560
584
642
463
567
657
579
618
614
566
559
572
554
568
561
571
573
550
554
705
566
561
558
562
621
611
571
563
582
624
598
508
549
551
628
1204
564
593
605
572
589
562
540
561
559
530
576
556
545
558
540
501
509
601
547
529
514
691
576
567
558
683
542
525
552
678
639
646
721
558
561
625
696
549
579
594
592
534
705
522
523
637
523
573
594
559
663
733
585
575
555
570
538
596
586
566
601
635
590
1005
608
534
536
525
504
548
659
494
552
541
556
513
537
529
653
529
583
564
555
516
528
512
523
532
547
548
578
554
545
534
528
622
531
553
541
508
523
555
703
565
557
612
527
528
526
555
527
575
560
546
638
549
548
543
534
638
915
626
528
541
565
566
527
632
572
580
538
538
587
549
566
583
529
593
525
548
836
500
588
564
592
524
558
550
549
521
497
583
541
533
525
534
536
522
559
540
541
511
693
537
525
545
577
538
544
569
504
547
554
567
613
561
542
525
521
520
709
583
520
529
552
590
608
528
542
613
624
981
536
541
605
536
554
554
585
628
577
537
539
545
596
590
668
580
541
550
574
538
675
621
544
500
532
624
560
557
524
534
584
653
678
640
568
543
572
710
528
572
557
572
522
517
560
538
699
560
579
565
564
612
614
530
660
570
592
590
556
582
566
625
570
531
571
557
590
742
614
558
568
558
572
560
555
561
596
607
606
653
571
589
563
654
691
662
635
531
704
611
580
526
553
542
549
650
601
673
589
617
669
881
550
576
567
694
569
551
581
545
558
582
643
578
538
543
584
556
552
579
484
640
583
587
529
530
571
589
619
556
639
659
565
559
589
563
656
571
553
625
542
560
559
1198
601
546
884
660
591
559
586
576
525
575
592
638
556
595
539
509
642
555
649
607
549
557
564
583
645
609
531
593
644
631
599
600
557
577
594
554
998
536
572
626
615
525
537
586
532
543
550
538
526
581
584
566
575
547
568
662
633
608
666
564
590
582
613
627
577
523
542
508
547
548
576
517
548
554
546
555
554
969
667
640
566
518
550
575
551
648
552
558
502
590
539
562
602
569
583
515
567
530
644
739
534
514
561
534
632
555
637
579
796
620
550
997
656
523
497
537
628
522
552
574
545
550
521
637
595
533
556
525
565
547
590
927
507
546
545
623
619
504
545
521
553
499
581
573
575
568
544
691
573
536
510
647
638
528
530
522
561
556
596
519
611
571
582
633
584
540
566
530
566
549
531
535
525
619
517
519
582
524
595
665
638
556
612
540
532
553
546
564
539
623
541
634
560
505
545
558
544
552
579
570
559
585
634
596
533
592
549
543
561
630
535
539
543
560
525
515
545
573
535
543
524
587
526
600
642
574
612
720
633
608
629
610
613
620
690
634
595
616
655
622
632
603
667
590
568
596
609
578
617
581
572
738
588
550
631
617
727
663
556
585
637
750
619
617
625
553
521
530
479
539
692
558
546
708
569
669
610
617
579
596
612
564
1209
610
689
580
636
664
588
602
598
602
594
524
601
657
619
599
599
601
624
717
578
557
658
655
565
549
593
598
631
585
621
528
635
611
607
983
603
626
625
618
612
614
