5 0.00
10 39.93
15 0.00
20 0.00
25 0.00
30 0.00
35 96.97
40 100.90
45 126.84
50 0.00
55 129.60
60 0.00
65 158.81
70 179.78
75 0.00
80 177.42
85 199.38
90 0.00
95 220.73
100 0.00
105 0.00
110 0.00
115 262.64
120 256.45
125 301.71
130 270.87
135 300.21
140 321.13
145 334.59
150 344.24
155 342.31
160 350.88
165 363.01
170 373.33
175 415.93
180 414.04
185 488.02
190 423.85
195 399.01
200 441.81
205 457.02
210 422.10
215 513.09
220 476.19
225 473.21
230 543.10
235 548.02
240 531.09
245 566.78
250 544.38
255 561.90
260 602.65
265 564.52
270 588.65
275 585.37
280 640.50
285 601.50
290 677.08
295 680.63
300 677.08
305 1000.00
310 663.41
315 1000.00
320 737.93
325 657.14
330 1000.00
335 773.11
340 1000.00
345 798.08
350 906.98
355 761.90
360 746.38
365 810.53
370 952.38
375 933.33
380 1000.00
385 822.03
390 1000.00
395 1000.00
400 1000.00
405 837.84
410 1000.00
415 1000.00
420 1000.00
425 960.53
430 961.54
435 1000.00
440 1000.00
445 1000.00
450 1000.00
455 1050.00
460 1000.00
465 1000.00
470 1000.00
475 1000.00
480 1000.00
485 1000.00
490 1050.00
495 1000.00
500 1000.00
