5 0.00
10 0.00
15 49.19
20 0.00
25 0.00
30 0.00
35 0.00
40 0.00
45 0.00
50 129.79
55 0.00
60 0.00
65 0.00
70 198.03
75 0.00
80 207.91
85 229.06
90 259.03
95 0.00
100 234.40
105 232.07
110 0.00
115 267.76
120 294.54
125 288.58
130 312.57
135 314.65
140 292.48
145 331.68
150 312.93
155 323.04
160 337.99
165 367.05
170 374.07
175 416.37
180 411.15
185 426.67
190 402.01
195 401.00
200 468.27
205 396.41
210 469.16
215 527.17
220 473.57
225 509.00
230 493.92
235 532.58
240 518.82
245 484.85
250 517.33
255 521.62
260 569.08
265 553.85
270 603.77
275 584.83
280 615.08
285 649.77
290 631.36
295 641.59
300 668.95
305 686.49
310 1000.00
315 753.73
320 682.54
325 1000.00
330 657.14
335 739.44
340 731.54
345 1000.00
350 725.49
355 750.00
360 798.08
365 1000.00
370 806.12
375 1000.00
380 799.32
385 1000.00
390 1000.00
395 1000.00
400 1000.00
405 1000.00
410 1000.00
415 952.38
420 1000.00
425 1000.00
430 906.98
435 1000.00
440 1000.00
445 1000.00
450 1000.00
455 1000.00
460 1000.00
465 1000.00
470 1000.00
475 1000.00
480 1000.00
485 1000.00
490 1096.77
495 1000.00
500 1000.00
