5 0.00
10 228.38
15 1000.00
20 978.72
25 1620.00
30 3000.00
35 3400.00
40 4000.00
45 6428.57
50 8333.33
55 10333.33
60 11400.00
65 13333.33
70 16333.33
75 17333.33
80 18666.67
85 19000.00
90 25333.33
95 23000.00
100 27000.00
105 28000.00
110 38666.67
115 34666.67
120 41333.33
125 45000.00
130 49090.91
135 49666.67
140 54000.00
145 55000.00
150 60666.67
155 66000.00
160 68000.00
165 83000.00
170 77666.67
175 75666.67
180 88666.67
185 102000.00
190 112333.33
195 140972.73
200 122666.67
205 107666.67
210 126333.33
215 132666.67
220 131750.00
225 186666.67
230 154750.00
235 170666.67
240 149000.00
245 151333.33
250 175333.33
255 169333.33
260 182666.67
265 189000.00
270 191666.67
275 223000.00
280 222333.33
285 224333.33
290 242666.67
295 247333.33
300 242000.00
305 247000.00
310 264666.67
315 282333.33
320 277000.00
325 287333.33
330 296333.33
335 307333.33
340 310333.33
345 314000.00
350 343000.00
355 328333.33
360 354666.67
365 362000.00
370 367000.00
375 372000.00
380 358333.33
385 395333.33
390 406000.00
395 419333.33
400 439000.00
405 438666.67
410 425666.67
415 445666.67
420 465666.67
425 490000.00
430 517333.33
435 521666.67
440 517333.33
445 537333.33
450 530666.67
455 551666.67
460 583333.33
465 558333.33
470 614666.67
475 587333.33
480 640333.33
485 648666.67
490 622000.00
495 660666.67
500 662333.33
