5 0.00
10 117.14
15 192.97
20 237.59
25 355.98
30 437.04
35 1000.00
40 1000.00
45 1000.00
50 748.63
55 1050.00
60 1041.67
65 1114.29
70 2000.00
75 1403.51
80 1416.67
85 1435.48
90 1596.49
95 1720.00
100 1837.84
105 1816.33
110 2166.67
115 2193.55
120 2312.50
125 2314.29
130 2515.15
135 2633.33
140 2666.67
145 2735.29
150 3000.00
155 3346.15
160 3387.10
165 3481.48
170 3363.64
175 3629.63
180 3810.81
185 4100.00
190 3861.11
195 4117.65
200 4400.00
205 5000.00
210 4419.35
215 5040.00
220 5080.00
225 4838.71
230 5363.64
235 6000.00
240 5954.55
245 5259.26
250 6061.22
255 6421.05
260 6473.68
265 5814.81
270 7000.00
275 7733.33
280 6280.00
285 7611.11
290 6708.33
295 7700.00
300 7605.26
305 8052.63
310 7333.33
315 8875.00
320 9733.33
325 7736.11
330 9437.50
335 7954.55
340 9764.71
345 8347.83
350 10562.50
355 10411.76
360 9272.73
365 9461.54
370 11428.57
375 9800.00
380 12000.00
385 9818.18
390 11933.33
395 9800.00
400 10272.73
405 10304.35
410 10931.03
415 13909.09
420 11833.33
425 13944.44
430 12437.50
435 15363.64
440 12894.74
445 15000.00
450 13058.82
455 13444.44
460 13950.00
465 17777.78
470 13941.18
475 14000.00
480 17666.67
485 17700.00
490 15466.67
495 18000.00
500 15428.57
