5 0.00
10 0.00
15 138.94
20 0.00
25 251.26
30 316.40
35 368.80
40 408.93
45 428.31
50 517.95
55 605.17
60 702.13
65 1000.00
70 1000.00
75 1000.00
80 1000.00
85 1050.00
90 1000.00
95 1000.00
100 1000.00
105 1212.77
110 1313.73
115 1446.43
120 1428.57
125 1585.37
130 1600.00
135 1657.14
140 2000.00
145 1833.33
150 1724.14
155 2000.00
160 2000.00
165 2000.00
170 2000.00
175 2000.00
180 2000.00
185 2294.12
190 2388.89
195 2444.44
200 2529.41
205 2562.50
210 2857.14
215 2800.00
220 2857.14
225 3000.00
230 3000.00
235 3142.86
240 3000.00
245 3142.86
250 3142.86
255 3222.22
260 3222.22
265 3333.33
270 3555.56
275 3555.56
280 3555.56
285 3666.67
290 3666.67
295 3666.67
300 3714.29
305 4000.00
310 4000.00
315 4000.00
320 4000.00
325 4000.00
330 4333.33
335 4333.33
340 4500.00
345 4500.00
350 4200.00
355 4666.67
360 4500.00
365 4666.67
370 4666.67
375 5000.00
380 5000.00
385 5000.00
390 5000.00
395 5000.00
400 5000.00
405 5000.00
410 5250.00
415 5000.00
420 5400.00
425 5250.00
430 5600.00
435 5750.00
440 5750.00
445 5750.00
450 5600.00
455 6000.00
460 6000.00
465 6000.00
470 6250.00
475 6250.00
480 6250.00
485 6625.00
490 6666.67
495 6666.67
500 7000.00
