5 107.10
10 83.94
15 0.00
20 0.00
25 0.00
30 323.78
35 368.84
40 395.12
45 468.27
50 582.76
55 580.20
60 614.17
65 670.00
70 773.11
75 1000.00
80 834.95
85 1000.00
90 1000.00
95 1000.00
100 1000.00
105 1313.73
110 1372.55
115 1352.94
120 1000.00
125 1545.45
130 1571.43
135 1571.43
140 2000.00
145 1615.38
150 1742.86
155 1782.61
160 2000.00
165 2000.00
170 2000.00
175 2200.00
180 2100.00
185 2388.89
190 2294.12
195 2250.00
200 2444.44
205 2444.44
210 2666.67
215 2800.00
220 2800.00
225 2800.00
230 2937.50
235 3142.86
240 3000.00
245 3222.22
250 3222.22
255 3142.86
260 3577.32
265 3400.00
270 3400.00
275 3555.56
280 3833.33
285 4000.00
290 3714.29
295 4000.00
300 4000.00
305 4000.00
310 4000.00
315 4000.00
320 4200.00
325 4000.00
330 4333.33
335 4500.00
340 4333.33
345 4333.33
350 4500.00
355 4500.00
360 4666.67
365 4800.00
370 5000.00
375 5000.00
380 5250.00
385 5400.00
390 5400.00
395 5250.00
400 5000.00
405 5750.00
410 5000.00
415 5400.00
420 5857.14
425 5750.00
430 5600.00
435 6250.00
440 6666.67
445 5857.14
450 6250.00
455 6250.00
460 6250.00
465 6666.67
470 6666.67
475 6666.67
480 6666.67
485 6666.67
490 6666.67
495 6666.67
500 6666.67
