8
8
8
7
8
8
9
9
9
9
16
10
9
9
9
10
9
26
7
9
10
9
9
8
6
7
8
8
6
7
8
9
9
8
8
8
7
6
7
7
8
7
8
6
7
7
7
6
7
6
6
8
6
7
7
7
7
7
7
7
7
6
8
8
12
8
7
6
7
9
7
8
7
7
7
6
6
6
6
7
10
7
10
7
7
7
7
7
7
7
7
7
7
8
7
7
7
8
6
8
7
7
8
7
8
7
7
7
7
7
13
9
8
8
14
19
10
9
9
9
7
14
10
9
8
6
8
8
8
9
8
7
8
8
8
6
6
8
7
8
7
9
8
7
9
8
7
6
9
8
8
8
8
8
13
7
8
8
8
11
8
10
8
8
9
9
7
7
8
6
6
6
9
9
9
8
9
7
10
7
6
8
7
7
7
6
6
8
6
6
8
12
8
7
7
7
7
8
6
7
7
7
6
7
7
6
30
63
8
9
8
8
9
9
7
7
6
8
7
9
8
8
5
7
7
7
9
7
6
6
7
6
7
6
6
6
6
6
6
6
5
5
7
6
6
7
5
6
6
7
8
7
7
7
8
7
10
9
7
8
8
8
7
11
8
9
7
7
7
7
6
7
6
7
7
7
7
13
8
7
7
7
7
7
6
6
6
6
6
7
6
7
6
6
7
6
7
8
6
7
7
7
7
7
8
8
7
8
7
7
8
55
8
8
8
8
8
8
8
8
8
7
8
7
7
6
7
7
7
6
7
7
6
7
6
10
6
7
6
7
6
7
7
7
7
7
6
8
7
6
7
9
7
7
9
15
11
7
9
10
7
8
8
32
8
8
8
8
8
7
7
6
7
7
6
6
6
7
7
6
7
7
8
6
7
7
7
6
7
6
6
7
7
7
6
6
7
6
6
6
7
7
6
7
6
7
7
7
8
9
8
9
8
8
8
9
8
9
8
9
9
8
7
8
8
8
7
8
8
7
8
7
8
7
8
7
8
7
6
7
6
9
7
6
6
7
7
6
11
6
6
7
7
7
7
7
6
6
8
6
7
6
6
7
9
6
6
7
7
7
6
6
6
7
7
7
7
8
8
5
7
6
7
6
7
6
7
7
6
7
6
6
7
6
7
7
7
7
6
6
7
7
7
7
7
7
9
8
8
8
7
7
8
8
8
8
7
6
7
6
8
7
8
8
8
9
7
7
6
8
6
7
8
6
8
6
6
6
7
7
6
6
6
6
9
7
7
6
7
8
6
6
7
7
6
8
8
9
9
8
8
8
7
9
9
9
8
9
12
6
8
8
10
8
8
8
8
8
7
8
8
7
6
7
6
6
6
7
6
7
7
6
6
6
6
6
7
7
6
6
6
7
6
8
7
7
6
7
7
8
7
18
6
6
6
6
6
5
7
5
7
8
7
7
6
7
6
6
7
7
7
7
7
7
6
6
7
6
9
5
6
6
7
7
6
6
7
7
7
6
6
7
6
6
9
8
8
8
8
9
8
8
8
9
7
9
8
7
7
8
8
8
8
7
8
8
6
8
6
7
6
7
6
7
5
6
6
7
6
7
6
7
6
7
7
6
6
7
6
7
7
8
7
6
7
6
39
7
7
6
6
6
6
7
7
7
8
6
6
6
6
6
6
6
6
7
6
6
7
7
7
8
7
7
6
7
6
6
7
7
6
7
7
7
7
7
7
7
8
8
6
7
6
7
7
6
7
7
12
6
6
8
7
7
7
7
7
6
8
6
7
7
6
6
7
7
8
7
6
7
7
7
6
6
8
7
7
8
6
6
6
7
7
7
7
8
6
7
6
7
7
7
7
11
8
6
8
8
7
7
9
7
7
8
9
8
7
8
8
8
9
8
8
9
8
8
8
8
9
9
8
8
8
8
9
9
7
8
9
9
6
7
6
7
6
6
6
7
7
6
11
7
7
6
6
5
7
7
6
6
6
6
6
6
7
8
7
6
6
7
6
7
6
7
6
8
7
7
8
7
7
6
8
6
7
7
6
6
6
7
10
6
8
7
7
7
7
7
6
7
8
7
10
7
7
7
7
7
7
7
8
7
6
7
6
7
6
6
7
8
7
7
6
7
8
5
7
6
7
7
7
6
7
6
7
8
7
8
7
7
7
7
8
7
25
8
7
7
7
8
7
8
7
7
7
7
8
7
7
7
7
7
6
7
7
7
6
6
6
6
7
6
7
7
7
22
7
7
7
6
7
7
7
7
6
7
6
6
11
7
6
7
6
7
7
6
6
7
6
6
7
8
7
7
8
7
8
9
9
12
8
6
8
9
10
7
8
10
8
12
8
8
8
8
8
8
8
8
6
7
7
8
7
7
7
7
6
7
7
6
7
7
11
6
6
8
7
6
7
6
6
7
7
7
8
6
6
7
6
22
6
6
6
7
6
6
7
7
36
6
7
6
7
7
6
11
7
7
7
7
6
8
8
7
7
7
7
7
7
6
7
7
7
7
7
6
7
6
7
6
