105
102
94
120
105
91
126
116
110
91
111
91
96
97
102
103
92
100
99
103
100
103
96
90
96
106
104
101
97
103
102
102
119
106
106
189
97
106
105
100
142
96
110
109
97
99
103
103
101
103
100
100
105
91
101
104
101
104
93
107
99
96
116
103
100
99
100
98
102
103
92
99
99
103
94
103
101
97
99
96
107
101
108
95
94
92
90
104
94
99
94
117
94
176
93
96
95
101
92
107
102
109
110
107
120
108
111
120
102
100
117
103
98
96
102
105
105
95
102
100
99
101
112
99
97
103
123
105
102
102
118
110
112
111
116
108
101
184
101
101
104
110
111
116
110
111
115
153
158
110
108
120
109
96
93
95
90
96
87
91
90
103
93
100
92
94
92
91
94
88
89
92
99
93
95
90
98
90
96
93
91
92
91
93
91
98
90
92
90
92
92
103
93
91
93
86
93
89
89
87
85
162
89
148
94
170
76
87
150
104
79
100
75
87
71
79
82
74
92
79
105
75
125
79
77
83
75
117
80
72
80
82
90
87
108
141
88
89
88
86
84
81
82
91
78
96
120
86
88
88
134
108
110
337
117
105
89
89
92
86
90
88
110
110
105
121
92
95
97
95
94
91
94
94
97
212
93
107
88
93
88
85
90
101
87
105
94
87
91
99
89
101
93
92
91
94
85
107
94
84
105
98
95
103
96
98
90
96
91
92
89
91
92
94
84
90
95
97
94
91
90
89
93
97
89
89
96
94
93
88
87
92
92
100
135
89
96
89
96
87
87
96
84
95
91
95
89
96
87
95
102
98
99
108
95
105
93
96
94
96
94
96
91
92
84
88
92
95
107
122
93
94
97
96
144
94
111
93
85
116
93
97
88
95
99
109
97
93
92
91
91
93
85
94
92
88
91
97
91
113
103
92
100
97
95
89
92
90
97
86
142
89
90
85
108
91
88
90
91
96
89
89
138
91
94
108
90
88
95
105
109
92
94
88
94
87
96
97
93
89
89
90
86
111
82
98
95
90
107
95
89
95
86
96
91
90
89
90
91
89
89
92
89
93
193
89
93
92
91
123
91
90
97
91
156
89
97
88
102
94
135
95
95
92
97
87
97
122
94
91
94
90
89
89
92
92
95
97
89
90
109
94
93
104
98
91
111
97
97
94
91
122
88
98
91
94
91
92
95
92
117
92
95
87
91
96
89
91
89
94
87
87
150
94
84
88
92
87
95
104
90
91
89
97
98
90
94
89
85
92
97
97
121
90
110
96
90
100
91
103
90
87
90
86
91
85
95
95
94
128
97
98
97
99
95
92
130
95
116
90
96
87
95
96
94
85
97
93
99
99
94
93
93
112
93
97
92
97
90
127
92
96
83
94
92
92
104
93
87
106
89
88
95
96
96
96
93
93
93
93
98
95
94
93
87
91
94
87
86
102
95
88
89
90
99
94
92
88
95
93
88
93
87
92
91
101
91
102
91
100
101
96
98
97
93
96
90
97
93
104
91
98
91
104
94
93
87
92
90
87
90
95
97
91
118
101
93
95
88
96
94
89
94
95
88
92
98
94
92
92
93
89
92
91
90
91
90
93
95
89
87
89
96
95
94
95
89
90
86
91
90
84
94
94
91
91
95
91
109
96
81
94
102
89
86
92
99
95
97
93
90
97
113
146
96
90
146
86
93
88
90
90
88
94
92
87
96
91
88
91
99
87
88
93
94
87
88
91
84
91
89
99
96
92
92
92
92
95
113
94
92
88
92
92
96
97
89
130
85
95
90
91
87
94
96
102
87
93
93
94
93
90
109
89
90
91
89
92
87
94
94
95
96
95
101
109
95
92
101
95
107
88
107
95
87
94
90
94
91
110
89
108
88
90
87
94
93
88
88
86
91
91
89
117
89
90
86
83
90
87
96
92
88
101
93
92
92
109
85
93
95
89
95
92
104
88
89
95
94
93
91
96
89
89
91
89
93
85
93
91
97
89
87
92
93
93
92
91
90
94
90
111
84
196
95
93
108
97
104
90
93
104
130
94
103
90
95
94
86
95
90
94
93
93
94
91
92
94
91
93
85
94
93
95
93
101
90
92
91
92
91
88
94
90
94
90
105
97
92
88
99
99
93
92
93
92
89
98
93
104
110
90
92
87
96
91
99
102
95
126
91
94
94
121
106
90
91
107
110
95
91
92
90
110
147
94
126
90
92
92
93
91
92
90
95
93
90
89
132
89
97
98
85
91
102
102
93
92
89
89
91
99
89
115
90
98
94
94
87
88
103
95
118
114
86
95
155
99
89
84
98
92
95
91
93
88
90
95
110
86
88
92
85
104
90
92
91
97
97
97
90
95
97
94
92
95
88
95
95
94
86
95
90
93
95
94
90
91
94
96
87
89
93
93
87
95
94
94
91
92
117
91
103
88
110
89
87
96
111
88
92
89
94
100
89
95
95
89
149
88
90
99
98
93
93
144
92
90
86
87
88
96
96
141
91
91
92
95
88
87
