147
190
157
148
166
169
157
167
163
153
151
205
156
145
169
167
161
170
180
150
181
160
167
153
165
162
164
146
152
158
164
149
150
152
168
150
156
185
161
165
148
165
150
143
149
164
141
163
155
164
152
180
154
160
154
157
154
159
149
157
150
150
170
159
170
155
171
159
146
160
185
167
158
156
150
156
154
161
147
155
172
155
153
146
157
152
155
153
144
146
150
158
199
174
163
160
165
162
156
159
173
172
171
182
180
156
172
178
170
172
180
174
171
168
176
178
226
176
203
170
152
175
149
212
189
180
176
171
163
180
162
159
170
209
177
194
171
253
233
169
186
174
174
157
161
169
159
153
161
153
152
150
147
145
163
148
150
157
137
144
163
151
138
149
143
144
148
147
140
143
149
156
140
140
143
143
140
146
146
151
140
149
156
145
136
140
152
135
146
147
139
136
151
140
173
145
158
147
142
150
138
135
182
135
148
130
127
150
127
119
121
134
185
135
133
134
132
131
124
128
184
178
238
123
120
124
132
122
122
138
155
129
131
174
124
166
180
141
122
141
120
136
124
125
137
136
128
136
188
135
148
154
159
149
145
139
167
136
152
220
177
146
155
215
144
161
144
142
144
143
143
146
143
138
195
133
139
161
199
151
159
148
148
192
147
140
194
142
211
150
136
146
143
142
143
153
147
146
132
202
153
149
151
173
136
166
153
155
142
144
145
160
176
274
146
151
158
191
152
154
215
148
147
147
162
142
157
148
138
148
147
154
151
145
147
149
151
223
147
147
152
146
140
145
160
149
136
148
158
163
150
149
147
149
148
146
142
149
143
151
157
148
152
152
140
156
137
156
129
145
171
140
145
152
147
139
143
153
158
142
143
149
139
157
162
182
148
148
152
151
138
149
183
172
144
151
148
140
170
150
183
150
159
152
154
137
138
151
165
151
142
223
146
151
149
182
146
148
143
145
150
160
148
145
149
153
155
143
150
147
154
145
154
141
148
143
150
145
138
147
142
141
147
142
148
139
145
153
142
183
154
150
141
145
147
152
136
194
146
151
162
149
148
144
149
150
149
149
148
151
152
151
154
148
162
151
150
149
144
142
150
142
128
141
203
143
153
139
154
143
142
154
145
149
151
146
149
148
146
159
151
152
148
160
151
183
172
163
182
147
148
146
188
150
143
147
149
151
148
150
152
151
144
145
140
140
146
145
137
138
132
146
133
142
138
137
145
138
146
135
141
152
163
138
148
190
162
143
136
149
170
156
158
133
149
159
142
149
151
141
163
151
146
156
138
143
149
142
144
137
170
166
151
140
151
144
140
150
146
145
136
145
137
155
144
134
144
168
149
146
144
147
139
143
160
147
150
192
150
149
150
146
149
146
188
137
142
144
147
152
144
139
141
148
162
149
152
171
181
192
142
149
149
137
150
150
154
163
147
150
144
147
139
144
176
136
146
159
137
160
161
151
182
138
174
138
146
220
147
188
146
152
156
173
144
172
156
148
146
152
138
151
150
140
148
141
146
131
136
156
146
286
156
149
149
147
151
149
146
150
167
146
146
147
155
282
146
148
164
137
141
135
149
137
136
133
195
141
133
148
143
155
136
147
137
151
153
152
144
149
145
147
151
158
149
151
155
149
149
150
149
163
183
146
144
155
150
266
147
204
146
144
191
147
150
146
152
221
165
145
160
153
152
148
168
149
136
140
212
140
135
139
151
145
145
136
134
144
160
154
139
146
136
152
137
140
149
147
148
150
149
149
146
147
196
158
173
143
139
158
148
139
142
149
154
153
163
152
145
149
145
147
149
145
142
146
165
137
180
144
151
165
148
198
149
157
155
135
143
151
148
145
147
144
141
138
145
142
152
149
217
144
140
149
138
138
145
132
145
150
132
143
161
133
139
150
148
142
136
146
220
151
139
147
150
148
149
167
159
145
140
141
151
160
148
140
141
166
136
152
157
145
135
132
139
137
131
142
149
144
230
146
145
207
146
187
163
149
154
141
141
146
140
157
141
177
137
140
136
146
133
154
144
146
137
145
144
146
144
149
148
142
135
144
151
246
168
147
144
144
139
144
148
149
155
138
146
143
174
144
140
137
148
149
146
144
147
159
138
150
159
141
148
151
143
142
150
161
139
141
146
158
150
216
148
149
179
164
165
145
144
144
148
237
139
151
147
158
139
143
145
149
140
143
156
142
142
148
144
147
144
151
148
147
150
193
153
147
159
149
155
148
146
153
145
144
139
159
141
139
222
153
143
148
148
228
143
146
148
162
150
143
149
146
158
147
147
150
147
147
148
166
147
181
165
147
151
138
207
162
216
144
151
136
148
143
152
182
138
130
141
149
136
151
139
155
147
142
149
149
146
150
150
148
157
141
194
143
140
148
152
138
146
142
167
141
144
148
141
153
157
146
151
152
151
193
153
149
136
144
144
132
142
154
140
143
151
160
140
170
139
150
148
144
179
151
151
141
140
159
152
167
142
143
148
182
148
164
188
146
