230
235
228
234
224
219
248
229
231
232
223
246
249
230
275
253
228
224
212
304
226
208
215
230
215
213
212
228
230
358
229
225
222
199
230
215
224
235
219
220
210
228
216
221
227
236
279
228
227
229
231
223
302
227
224
389
228
220
213
212
194
225
241
224
221
213
257
226
202
283
224
220
207
308
227
230
224
213
247
232
227
225
230
246
227
229
222
239
203
227
225
208
229
226
205
214
285
226
226
211
219
231
247
233
242
228
232
226
224
217
458
215
248
218
241
213
223
230
243
220
221
218
228
225
229
216
219
218
224
218
217
217
223
238
218
214
208
201
221
206
201
205
208
199
196
214
205
203
233
203
202
206
211
206
196
217
187
200
200
226
220
337
213
270
197
216
191
238
211
212
213
198
266
208
206
196
213
256
210
199
203
223
193
218
284
209
216
204
190
194
217
217
252
209
203
218
186
211
222
207
197
194
236
192
188
189
182
199
183
180
221
185
182
189
224
183
188
225
283
196
191
185
188
190
181
195
194
174
182
363
234
203
193
198
207
291
206
227
204
188
184
216
180
206
178
185
173
171
189
186
211
224
236
248
209
226
218
187
194
199
187
192
189
191
210
197
209
224
194
219
196
213
204
209
200
224
206
215
233
212
208
210
223
211
209
208
205
226
206
209
199
211
217
189
196
205
209
188
211
206
312
222
206
217
206
248
201
228
257
217
204
235
198
208
298
202
228
204
258
198
201
280
210
195
206
188
210
211
234
198
217
193
207
211
201
216
208
228
191
223
230
213
213
216
215
243
223
208
208
238
211
202
195
232
212
210
200
278
234
277
210
327
206
207
189
208
207
208
211
209
209
209
198
271
226
209
213
207
234
202
207
202
196
208
208
210
205
196
457
252
190
186
205
252
199
203
201
205
211
238
213
211
199
270
195
190
226
206
205
222
217
254
217
224
210
208
201
240
213
207
211
202
214
197
191
217
298
206
201
242
201
196
202
227
209
214
213
208
188
210
200
234
219
255
205
205
198
197
206
209
211
217
195
202
207
210
196
203
203
201
192
206
198
216
189
203
207
205
201
210
192
210
206
200
217
283
197
198
188
183
203
201
189
217
204
209
207
199
222
198
194
189
202
207
210
205
228
214
221
207
204
207
191
202
206
219
210
201
213
212
271
199
209
202
191
226
207
242
199
215
201
203
319
202
204
190
203
216
196
207
207
281
192
200
222
199
203
210
203
218
273
200
188
204
202
208
215
222
264
191
214
205
205
278
207
209
207
238
210
239
193
206
196
210
208
205
195
270
207
220
218
285
207
202
216
188
202
269
204
209
269
206
206
197
206
202
197
210
194
208
203
204
213
193
205
213
209
223
233
211
212
196
212
204
192
209
213
206
219
200
209
199
210
301
207
210
195
205
207
209
188
207
195
205
193
277
194
188
209
222
220
212
202
302
208
190
273
208
206
244
193
204
254
204
208
252
193
195
211
200
217
208
211
268
227
291
196
203
211
194
213
209
209
228
193
200
212
241
194
211
189
219
195
199
200
252
189
201
213
203
219
199
205
186
218
197
213
202
309
214
204
215
189
196
201
190
206
212
300
248
215
281
209
203
208
209
221
208
225
205
208
199
288
250
219
193
194
201
187
197
217
203
200
203
207
203
235
210
267
209
225
192
249
276
209
224
204
202
184
198
193
183
214
236
211
208
209
211
211
212
212
222
207
203
195
208
213
206
214
199
195
244
209
203
235
198
205
196
209
209
219
198
219
271
203
200
213
246
204
209
258
220
203
211
217
224
194
210
178
208
209
202
189
196
197
203
194
181
216
210
253
206
205
297
209
208
221
207
205
206
216
213
198
210
234
214
246
209
204
237
222
203
204
203
200
196
201
203
198
197
191
180
213
200
213
201
203
200
185
216
180
219
204
213
196
224
196
203
208
214
214
196
274
200
205
241
190
207
208
204
209
204
206
194
244
207
210
209
193
248
203
210
202
209
207
192
206
211
210
193
209
211
228
203
199
211
205
206
209
208
205
212
204
203
201
192
271
190
224
199
205
228
202
206
186
218
193
206
213
189
205
207
204
214
249
208
238
207
208
209
214
225
206
212
226
207
224
208
218
216
204
207
220
208
206
207
206
211
204
238
202
210
206
207
207
221
265
209
234
203
212
207
221
210
196
213
295
201
206
203
215
222
193
214
194
244
210
218
194
200
205
204
220
204
211
227
194
285
206
214
206
195
219
234
222
199
210
233
221
210
216
214
204
212
211
201
197
218
201
216
241
211
229
206
201
242
194
208
184
203
226
202
214
224
194
196
211
192
215
207
204
201
202
202
223
200
207
224
196
220
221
282
215
244
211
213
196
236
215
206
214
208
213
245
198
203
205
215
208
221
219
212
204
223
194
205
245
211
207
205
203
203
204
211
187
201
209
206
203
206
233
270
199
197
221
209
222
212
208
202
204
217
212
234
203
200
208
249
207
258
203
203
201
204
224
198
209
196
222
207
