301
284
276
290
269
275
299
292
302
315
274
306
298
293
404
294
296
369
280
288
279
313
289
281
278
358
293
295
310
289
303
514
289
299
272
287
350
287
286
288
291
279
293
303
318
274
381
279
268
403
305
263
333
279
289
308
296
287
321
310
296
296
321
270
288
294
374
276
294
303
290
260
284
316
316
312
280
289
323
406
296
304
265
278
274
346
306
303
351
289
293
295
309
364
365
363
281
360
324
370
275
286
300
295
320
287
299
288
295
282
288
292
278
279
292
291
295
280
295
306
352
288
288
284
282
292
288
286
307
282
12729
303
303
306
295
321
291
297
292
296
292
307
490
377
296
345
285
279
293
399
258
292
284
273
272
305
318
330
388
344
393
284
278
286
279
267
274
312
297
342
367
255
311
300
309
295
276
325
293
265
263
274
258
334
316
258
282
294
255
281
286
248
275
275
259
301
285
284
295
256
286
251
243
260
249
227
277
254
251
277
252
250
250
253
243
245
222
250
241
285
236
228
228
228
328
245
226
274
259
220
232
226
221
270
211
227
222
213
259
237
254
261
240
234
266
235
273
248
252
256
276
269
285
284
242
283
282
276
283
299
255
272
294
283
271
293
275
275
294
317
274
278
269
275
280
282
275
278
277
284
277
272
304
266
324
264
258
277
259
277
264
290
290
255
257
281
288
268
271
245
292
278
268
287
272
270
331
277
252
265
255
281
260
268
277
253
318
268
289
267
381
266
259
252
306
260
282
270
391
401
270
248
266
279
332
271
333
300
295
282
427
388
328
267
276
276
275
278
290
270
282
274
274
275
292
267
343
264
281
252
291
435
280
289
268
263
411
272
250
303
257
248
287
271
288
304
277
255
337
382
340
266
266
253
252
266
289
252
285
270
268
242
326
241
269
268
253
253
272
326
301
299
311
285
270
292
346
300
246
279
280
283
276
278
282
281
267
270
270
261
282
279
273
297
285
294
267
313
268
274
334
267
293
278
390
279
241
285
287
253
273
279
267
289
266
260
263
272
308
257
260
267
330
263
265
301
270
282
265
269
303
272
267
343
261
250
271
248
268
268
285
252
281
293
259
253
300
270
277
331
275
290
273
272
298
272
289
329
269
276
271
264
283
253
276
317
274
268
258
247
292
266
301
277
276
269
266
279
258
286
320
252
280
272
276
278
255
275
248
254
276
267
253
261
252
371
271
262
256
262
268
284
264
288
300
276
273
308
266
266
267
295
300
302
268
296
271
268
265
299
265
275
283
305
317
286
276
263
356
271
428
306
281
266
267
275
289
437
269
290
274
294
392
273
276
269
257
267
269
284
260
264
267
267
248
262
313
267
281
271
269
290
309
250
276
257
277
272
272
270
260
268
273
264
247
265
254
303
241
239
266
362
261
274
273
276
268
263
268
267
280
265
269
343
273
280
308
269
294
251
271
276
295
370
288
366
292
293
292
245
284
266
286
285
283
3758
292
264
266
286
268
278
249
248
281
285
314
274
282
271
258
281
271
300
248
244
266
269
268
253
247
348
264
262
279
266
281
245
275
274
254
263
260
304
239
278
329
266
341
271
274
267
271
277
256
289
257
269
279
272
262
284
279
276
271
268
286
273
312
274
288
276
318
257
279
273
336
275
276
279
293
264
252
269
367
277
274
258
267
271
275
254
326
313
284
356
297
269
257
368
278
281
280
273
272
278
276
283
276
287
283
275
257
268
271
271
258
269
281
276
271
279
294
264
304
272
274
274
243
309
252
270
282
273
272
261
276
325
247
274
273
275
309
265
277
297
267
354
275
367
313
261
293
286
277
293
280
271
277
275
278
275
313
277
347
256
262
301
262
293
252
278
290
270
289
268
284
290
291
321
272
275
274
254
255
334
272
264
275
277
276
275
288
325
275
274
289
266
276
273
275
297
266
343
265
286
295
278
286
283
260
271
300
270
365
281
264
289
299
271
275
266
327
254
336
282
276
339
265
255
281
260
251
313
254
275
273
275
288
248
272
258
272
272
258
274
326
246
251
300
276
364
266
262
306
284
291
276
256
269
278
252
313
258
252
269
278
277
345
267
281
278
269
274
290
275
298
283
297
283
272
279
267
274
282
256
289
263
315
272
250
323
290
292
324
273
276
279
277
266
283
280
274
273
274
258
269
300
281
267
247
279
344
253
271
246
282
237
275
298
280
340
256
267
274
281
286
259
277
292
285
269
283
285
251
292
258
279
276
277
371
271
275
273
280
294
276
277
272
267
270
363
275
274
249
255
276
290
259
288
265
275
319
271
268
275
436
265
272
248
313
274
329
252
305
276
246
268
340
275
274
260
278
278
278
270
311
332
261
329
269
276
276
272
268
314
342
254
274
338
269
338
262
290
280
284
277
268
294
307
338
274
269
273
282
260
345
285
276
276
298
288
269
360
282
279
271
274
284
278
254
369
322
279
258
280
338
274
282
283
273
255
282
274
277
276
259
298
270
280
287
277
274
282
252
257
261
287
293
424
