391
364
383
359
434
375
420
351
367
387
342
362
342
455
402
345
365
373
388
378
395
401
400
360
386
379
380
389
345
426
362
438
335
468
393
487
399
364
370
422
417
358
369
408
364
384
406
324
364
358
357
361
407
354
552
374
472
358
363
370
447
544
396
373
407
383
351
351
401
371
367
359
368
587
384
360
375
370
390
388
369
410
361
330
375
430
379
365
365
355
352
423
371
363
349
343
356
357
355
383
351
379
439
380
553
405
408
332
381
364
391
522
466
409
368
408
458
601
395
436
358
364
331
414
402
382
369
348
370
367
362
422
449
367
383
365
388
473
363
371
355
378
376
449
373
382
368
412
381
380
340
369
405
403
357
343
355
311
353
334
429
496
383
359
464
340
317
374
292
353
337
394
341
383
438
445
437
405
369
381
347
473
360
339
345
362
362
408
378
370
333
322
341
364
404
409
354
347
410
393
332
305
351
339
462
475
454
272
298
411
285
317
285
284
276
323
283
314
303
346
270
393
313
312
321
384
316
310
302
1048
317
317
327
297
301
325
360
270
317
308
415
315
477
433
313
310
313
318
319
437
352
353
465
357
338
361
394
334
347
350
354
351
340
337
340
467
372
340
314
349
343
336
340
352
344
968
351
300
367
365
341
341
347
368
320
336
346
348
372
362
345
356
344
302
338
336
364
359
296
386
373
475
401
356
338
347
333
350
412
337
368
338
350
338
372
366
402
340
359
350
367
344
340
345
522
340
537
334
341
351
312
360
370
392
353
332
441
436
398
336
338
386
354
354
365
330
327
348
343
329
342
307
387
311
398
344
340
465
331
363
437
364
338
349
338
351
339
337
341
478
360
413
332
305
355
367
357
338
362
327
359
399
362
352
319
352
341
356
418
362
333
341
352
385
356
337
347
364
341
366
487
316
305
373
422
341
331
352
318
314
338
338
376
312
396
343
360
333
325
334
342
339
353
339
301
322
334
345
332
323
386
304
348
355
499
317
376
343
337
377
333
349
432
337
328
313
366
365
358
498
467
393
337
384
364
350
352
349
339
340
357
355
318
344
445
344
343
347
459
355
355
362
324
331
354
350
355
322
355
359
344
346
355
344
342
363
337
401
314
342
380
346
353
358
336
338
348
344
338
337
369
332
354
353
357
340
332
401
325
376
382
331
338
372
350
324
355
360
436
346
341
337
338
353
400
337
353
296
340
335
389
349
345
352
343
337
338
401
333
350
393
386
367
355
378
387
408
341
486
372
333
369
354
338
340
341
347
348
340
325
348
314
335
347
352
351
353
325
410
359
326
334
330
338
339
344
336
317
317
337
331
333
346
342
361
301
338
344
336
348
337
425
332
515
338
342
420
336
334
342
293
345
446
340
340
345
435
362
350
374
331
357
392
357
349
348
345
330
317
335
316
301
343
339
333
448
325
335
334
330
336
349
337
354
322
337
321
315
334
359
350
347
334
362
609
346
339
396
361
341
331
332
356
333
422
360
368
342
332
396
353
400
385
337
339
378
352
337
352
351
337
342
348
359
338
772
344
338
367
390
354
358
365
350
359
334
349
356
339
355
371
370
343
345
348
356
361
343
313
378
388
349
359
429
327
313
307
336
339
344
376
406
331
396
337
310
385
362
350
327
313
347
346
346
382
354
389
392
409
388
352
337
337
344
398
393
480
406
354
308
356
342
340
319
414
340
357
328
320
340
354
782
368
452
433
342
349
367
349
352
356
342
342
350
346
346
370
343
357
432
454
345
370
342
350
335
378
345
343
344
363
361
343
351
353
428
339
351
340
346
534
336
327
391
344
344
347
360
351
328
362
344
355
413
342
341
397
306
345
444
347
342
359
334
347
418
351
339
411
341
341
343
351
351
351
383
353
347
342
355
352
357
352
366
354
352
325
319
418
345
331
319
349
361
343
347
360
302
336
351
347
350
368
333
362
342
346
318
353
360
376
348
455
355
363
350
348
338
341
338
328
343
428
361
336
390
358
339
425
352
337
350
350
370
392
363
344
440
326
300
408
349
351
440
336
339
380
517
346
331
351
337
429
320
339
340
330
348
326
308
340
345
361
343
349
443
315
348
672
444
358
348
365
354
400
348
313
370
350
346
352
352
329
359
432
341
362
372
355
313
465
362
376
338
419
348
335
340
455
343
344
362
372
322
688
350
340
350
330
358
478
352
349
381
377
354
348
346
344
410
339
336
343
415
334
321
379
337
345
328
343
342
344
340
478
399
341
346
343
349
339
373
374
340
351
358
330
462
352
335
364
349
359
363
349
345
356
368
371
315
371
342
444
437
353
336
339
415
314
335
383
307
346
356
345
305
385
347
347
355
345
316
339
803
341
350
359
368
371
333
340
368
342
371
355
335
357
352
421
328
327
352
385
349
349
352
350
420
322
349
411
333
334
351
339
423
356
351
421
361
329
471
343
355
328
343
334
366
374
351
422
375
378
356
338
355
340
351
385
331
345
344
301
304
348
345
335
439
336
355
