450
432
394
435
559
448
436
456
549
442
420
502
461
450
408
402
463
450
452
440
493
439
467
498
479
474
517
495
473
465
447
459
447
446
463
458
462
438
468
441
502
444
460
450
413
486
411
449
614
426
478
402
460
446
434
506
393
450
473
482
482
439
431
444
888
434
435
499
548
459
415
462
568
449
503
639
460
464
397
442
438
453
471
424
471
416
516
677
470
416
464
523
690
449
430
447
692
456
440
442
512
445
468
459
426
610
425
452
630
567
469
447
493
453
532
494
460
466
565
448
438
526
420
452
453
484
479
467
1131
446
489
503
454
506
439
412
429
424
538
665
460
508
462
640
481
428
465
490
434
374
445
482
458
493
420
416
494
431
422
449
431
500
445
425
412
469
419
416
531
475
507
428
492
612
451
573
480
460
389
485
500
490
420
434
418
457
431
437
486
437
434
444
440
431
414
623
434
507
464
454
380
506
388
395
386
399
354
397
402
402
388
406
488
386
408
385
457
403
406
350
381
394
375
369
327
426
371
377
390
435
465
404
365
406
405
491
391
388
479
412
403
404
393
446
512
450
391
541
1461
362
366
448
433
529
449
445
419
389
438
438
417
455
386
459
414
429
414
438
365
421
399
391
467
519
485
495
512
461
475
496
401
441
440
441
421
421
418
422
471
479
441
442
430
431
514
445
445
427
421
458
503
424
417
541
457
466
420
428
441
431
531
451
659
537
529
441
513
486
461
438
456
418
507
438
449
543
434
460
477
481
462
437
493
482
523
479
450
415
467
539
460
439
413
431
382
439
371
433
432
444
508
431
421
449
542
498
422
406
434
444
431
490
453
426
419
434
523
405
427
416
418
428
428
412
424
424
439
452
466
427
481
439
410
426
480
392
474
417
457
427
412
384
424
469
435
443
374
425
520
445
418
478
437
425
413
448
413
435
435
410
414
373
415
415
431
448
426
447
441
456
424
414
492
425
430
440
447
419
416
418
366
570
394
423
409
696
419
429
430
475
417
430
433
420
434
425
539
431
421
445
430
426
467
449
424
427
494
421
409
454
422
430
443
554
430
464
445
558
430
439
428
424
428
446
371
448
436
653
386
402
429
426
410
433
380
449
430
426
430
427
450
435
473
427
432
432
470
419
651
436
466
504
423
414
418
442
423
457
411
411
426
408
425
414
433
437
422
503
423
425
415
418
435
413
423
398
411
459
403
419
381
423
411
507
472
464
439
464
407
460
506
558
493
464
405
394
468
422
589
540
436
425
431
418
436
479
398
447
406
470
401
412
427
451
379
476
436
425
409
457
427
491
489
564
494
424
488
454
432
458
472
412
429
424
420
471
546
408
436
422
440
427
434
462
425
544
425
411
564
411
424
422
423
453
410
397
420
560
442
430
497
422
435
433
412
427
437
538
464
528
416
425
412
433
445
421
415
442
431
427
416
424
520
434
410
423
434
471
429
433
428
494
446
425
426
434
418
422
419
440
438
443
438
438
417
448
425
432
481
407
426
429
455
426
369
496
733
387
421
443
443
423
456
424
426
456
435
437
510
444
383
425
425
430
430
429
489
424
443
416
421
426
432
521
448
419
404
421
466
443
434
424
449
413
505
437
414
448
470
968
449
423
430
428
416
451
425
451
524
383
357
386
413
405
468
454
437
410
423
436
426
479
433
393
454
417
433
481
603
426
427
441
434
457
428
468
455
430
438
424
432
390
398
432
408
436
401
411
436
414
430
441
413
375
430
408
417
437
439
443
411
524
433
424
419
580
523
377
441
485
597
539
419
408
410
428
435
415
416
425
442
410
503
458
371
419
417
537
366
448
464
458
429
415
427
429
431
531
429
491
541
436
503
420
433
368
428
432
399
448
427
473
388
427
458
411
422
543
434
422
480
410
404
446
449
376
444
552
426
489
422
441
434
413
426
434
424
419
485
495
565
428
453
517
436
411
431
429
404
439
432
429
460
441
426
390
443
424
403
431
446
426
431
432
422
429
428
418
442
447
408
417
430
414
408
437
449
412
418
536
379
378
436
437
382
416
446
508
423
443
548
441
431
416
454
428
421
419
496
422
416
446
424
420
417
439
414
415
513
439
439
429
454
440
427
424
409
432
466
421
451
439
406
425
575
417
470
456
423
540
428
427
429
503
442
416
433
410
433
495
428
438
430
509
421
426
432
465
397
416
496
383
389
454
438
419
426
416
423
423
436
479
501
438
430
420
444
448
434
413
516
384
438
441
409
440
512
411
424
434
422
436
412
420
431
439
438
437
433
441
495
404
533
423
409
423
435
547
541
487
531
406
420
390
424
415
412
446
429
445
400
480
454
448
424
508
410
414
423
477
451
490
421
436
468
390
527
415
439
574
484
408
448
390
457
402
390
364
412
418
448
424
399
416
446
425
414
405
392
397
566
434
459
567
423
366
432
539
412
369
440
398
422
417
398
363
407
417
404
427
408
483
436
478
497
454
509
434
410
399
407
456
439
401
410
413
414
505
875
369
