537
525
519
537
718
525
569
569
486
582
507
520
509
530
460
580
522
506
553
487
464
475
454
509
551
525
468
464
571
823
485
462
474
609
481
481
450
518
584
547
895
477
505
473
443
540
505
493
480
489
533
487
469
525
513
535
472
508
473
487
462
480
473
468
513
464
459
546
497
506
499
472
481
762
498
484
498
471
462
496
608
476
498
494
592
486
503
488
458
470
466
467
460
455
530
506
603
522
550
534
530
485
585
481
553
611
703
650
880
528
487
493
506
492
1475
602
571
1153
668
703
507
528
531
478
443
712
542
540
566
614
600
587
802
572
754
529
634
1560
541
558
795
571
516
668
563
603
496
690
532
507
570
490
519
526
562
539
547
939
525
653
543
719
588
498
504
511
485
490
536
723
582
542
498
454
531
505
462
490
460
445
452
466
433
498
543
463
514
436
473
482
482
518
506
483
521
501
520
516
487
468
530
498
545
491
465
477
655
521
474
564
482
474
504
477
465
475
464
455
458
454
476
461
419
569
448
451
512
467
533
471
534
581
509
443
466
447
484
892
466
403
416
467
452
502
452
527
612
542
519
533
532
525
556
479
512
524
508
542
509
606
573
515
686
531
570
620
557
894
630
481
505
525
487
516
518
456
519
478
610
496
533
490
493
491
493
517
501
494
500
590
537
576
510
961
522
561
573
520
544
542
483
516
484
544
497
525
550
586
595
513
577
519
500
496
579
590
545
563
564
536
479
548
489
522
542
531
631
599
545
609
577
492
517
486
543
536
598
493
485
498
534
502
515
511
533
507
530
538
573
610
499
541
481
521
433
506
500
510
530
652
564
520
538
576
553
548
484
553
530
551
506
529
492
498
525
506
512
634
650
652
542
639
581
527
668
497
555
482
502
633
698
632
501
613
512
609
498
511
496
487
589
469
531
618
509
502
514
519
503
495
518
516
534
500
456
511
516
451
587
521
510
512
587
563
496
513
500
643
521
512
516
504
465
513
487
517
584
511
531
510
533
521
507
564
769
513
514
494
571
494
547
506
591
516
498
511
500
507
551
516
511
507
526
520
506
608
538
519
511
556
504
461
502
511
460
479
517
812
549
453
512
609
514
543
516
552
576
508
543
502
503
491
431
503
528
506
499
499
546
506
706
504
653
497
479
601
485
503
511
630
496
719
529
490
512
544
532
544
498
474
566
553
488
530
799
508
527
585
538
571
630
494
498
517
498
527
507
543
488
489
475
565
552
557
569
512
510
497
498
521
513
628
542
542
541
504
525
490
555
510
520
532
563
584
496
512
511
490
505
449
559
512
509
505
570
517
507
432
510
516
534
505
595
481
493
520
516
548
556
508
516
610
504
516
504
509
526
463
488
622
473
518
514
493
516
544
516
585
486
496
494
504
515
501
435
501
510
512
485
510
530
530
542
518
530
550
510
501
503
503
514
555
588
517
467
512
488
449
511
500
441
507
502
520
594
640
537
519
654
503
499
499
500
514
546
489
444
585
495
586
492
499
501
501
521
550
553
492
509
488
513
487
486
518
542
574
1145
510
501
510
468
461
495
502
481
522
524
509
536
555
595
533
551
586
602
579
599
517
511
524
484
522
470
501
505
517
549
622
506
481
489
454
441
472
494
450
485
630
475
531
485
484
545
449
672
580
490
535
512
553
496
432
511
689
495
498
436
504
499
643
507
426
479
504
513
481
489
483
531
572
489
482
523
509
518
512
550
486
723
491
527
513
502
487
552
616
602
520
504
556
549
484
427
495
490
463
540
540
442
505
496
637
529
447
482
555
616
492
447
524
654
495
509
519
499
586
623
513
559
506
503
527
535
456
510
510
515
611
534
500
520
572
472
530
510
651
525
561
715
481
523
608
520
518
520
575
498
526
505
515
531
509
623
531
489
503
630
475
506
575
524
464
518
513
510
499
558
547
548
591
498
536
514
524
503
508
503
537
503
503
515
538
999
500
526
524
512
521
509
510
509
531
504
488
510
503
513
469
521
519
455
597
505
583
536
500
698
525
510
504
506
495
518
517
496
545
518
532
599
510
495
494
572
499
504
516
515
499
522
522
501
500
523
507
513
522
517
507
501
519
538
524
513
539
521
666
527
511
468
512
508
481
514
638
496
509
673
502
510
565
582
502
509
519
607
470
507
452
513
531
456
529
661
500
510
535
589
534
504
570
597
506
509
619
515
511
512
496
930
537
537
542
518
523
525
513
517
527
547
500
505
539
529
506
464
614
510
504
520
445
508
498
507
509
508
494
538
515
701
513
488
492
578
545
507
502
470
540
466
541
503
502
497
533
485
525
518
533
588
570
547
598
475
668
536
604
558
584
539
585
573
543
571
584
536
519
517
486
518
479
559
563
517
529
549
497
649
516
524
517
439
539
517
486
532
556
504
525
513
502
552
570
661
543
565
630
524
532
484
500
480
507
485
571
574
506
514
709
493
1060
556
470
544
538
515
505
545
733
504
511
583
540
548
525
511
500
518
504
500
487
