632
577
1110
582
596
606
603
647
620
677
621
619
747
582
571
657
584
609
571
649
568
685
693
688
595
607
562
717
582
995
571
562
591
575
564
563
520
678
603
565
559
559
540
552
577
545
646
668
645
702
629
662
601
613
567
546
536
686
643
548
544
585
508
558
652
633
621
573
544
606
677
606
670
546
583
543
568
545
620
632
602
646
601
620
600
555
536
563
632
631
623
566
575
573
574
575
570
585
626
643
685
709
582
941
713
625
652
868
689
640
666
617
745
786
743
1763
970
605
614
806
1008
802
1643
1159
1074
906
660
627
896
1881
861
1036
779
809
1356
772
944
962
896
725
1009
904
897
740
625
724
734
663
550
629
538
513
673
535
604
566
540
551
518
651
618
628
517
563
568
515
596
566
533
532
557
732
547
565
535
593
626
537
524
583
711
719
531
532
592
550
699
633
548
603
591
581
654
573
594
588
592
719
832
594
741
605
714
585
557
590
495
621
535
561
750
623
581
614
663
586
568
572
700
647
570
513
614
498
633
591
632
481
581
656
642
656
668
641
602
596
624
602
552
565
612
619
551
572
700
562
568
507
599
487
628
614
631
622
621
555
613
585
563
607
603
655
641
657
728
584
628
605
619
629
597
582
598
680
625
614
626
647
638
630
616
603
529
630
707
589
596
591
996
973
624
581
610
644
725
588
616
613
724
672
675
638
656
689
670
660
617
630
724
686
613
665
624
679
679
657
593
647
609
660
663
772
712
600
580
673
660
724
737
596
658
609
714
615
656
606
655
650
634
573
596
529
597
852
624
778
585
631
662
685
699
658
742
614
700
599
617
613
638
642
695
601
650
661
788
622
563
596
686
614
742
666
608
585
779
942
649
659
544
590
645
616
731
690
613
612
586
623
640
599
618
618
668
662
631
608
589
634
535
691
627
590
679
629
550
636
616
632
621
625
591
631
612
662
600
600
576
743
650
625
604
646
623
754
695
601
605
633
622
598
618
624
611
631
622
643
518
619
624
597
797
587
585
597
638
1047
701
629
603
579
666
722
660
626
556
632
633
1085
626
619
599
619
651
569
683
546
545
614
594
640
643
594
615
596
683
651
624
657
625
682
612
609
666
692
651
598
601
717
536
725
648
635
596
612
679
687
679
593
617
547
630
598
704
703
575
601
648
629
594
625
617
582
580
508
571
505
595
579
751
656
690
630
541
607
615
624
665
629
591
707
701
671
682
691
595
721
596
659
727
702
666
616
609
630
623
639
617
624
608
634
643
621
617
662
730
759
664
609
607
553
741
666
652
614
642
558
649
612
622
603
612
614
593
573
566
705
700
627
613
566
555
630
608
611
692
653
610
561
592
619
530
557
502
759
562
589
685
665
681
581
604
785
580
610
598
587
654
1198
647
693
716
639
662
597
613
622
639
590
618
617
687
629
623
594
620
598
660
531
610
595
597
985
520
587
604
629
663
561
597
610
608
676
688
531
643
598
582
704
616
584
597
594
631
546
600
644
642
609
605
758
690
658
758
693
630
603
661
586
654
621
639
657
594
581
627
637
718
533
667
689
647
620
646
662
584
666
696
626
621
697
721
611
626
650
609
604
634
601
559
589
709
627
658
631
580
638
629
605
623
598
586
612
630
548
596
630
537
678
642
599
723
586
626
575
595
819
600
650
635
597
601
610
595
599
632
609
756
589
578
536
506
695
684
672
729
735
692
747
679
587
566
611
624
533
620
680
535
533
616
577
601
575
670
690
575
671
715
612
568
566
590
621
668
789
596
614
590
586
600
643
586
638
693
647
717
1184
705
722
650
617
598
604
638
538
615
662
602
648
617
636
585
606
599
628
646
638
592
693
694
601
616
663
624
605
729
733
682
678
594
643
590
711
745
605
582
648
607
572
606
549
675
618
617
621
613
608
614
599
587
664
620
681
644
619
654
695
635
629
726
660
644
651
671
593
685
604
573
659
977
656
645
566
593
613
648
711
623
629
600
532
650
573
612
800
657
605
721
705
584
619
671
616
696
806
631
635
583
599
583
657
635
655
626
627
638
618
704
634
705
629
692
590
629
633
582
650
619
617
537
595
620
602
616
575
670
602
557
669
616
605
577
674
742
583
635
650
599
812
628
641
591
578
605
659
605
604
503
587
617
532
601
580
666
607
597
631
570
610
626
631
763
659
639
587
625
609
586
613
641
596
589
588
625
612
589
743
706
645
613
610
615
586
514
674
709
575
620
638
607
634
613
620
848
668
675
636
694
766
788
594
650
489
676
572
659
522
603
613
531
612
577
696
749
640
593
626
687
675
655
637
647
610
607
599
618
520
611
798
651
806
639
653
653
625
636
612
634
631
905
666
765
623
574
628
623
661
614
633
674
681
640
638
592
600
601
642
629
715
611
629
642
578
713
576
598
601
606
625
559
927
936
616
541
539
586
596
659
590
598
585
585
620
672
731
986
699
597
623
532
643
648
702
655
755
714
606
607
593
612
606
642
716
714
702
785
609
584
620
822
612
