57
50
50
50
48
49
49
45
50
51
45
44
43
44
46
45
51
47
47
46
44
48
43
57
43
44
47
43
46
48
45
52
43
47
45
45
47
45
61
44
71
42
45
42
45
57
50
62
56
83
54
54
50
46
48
45
46
47
45
48
48
56
46
68
47
47
45
45
47
45
86
45
43
49
48
48
48
47
49
49
50
46
48
49
46
53
45
42
47
44
50
42
45
50
46
47
47
44
53
45
69
55
52
53
48
48
49
48
49
62
54
51
47
48
47
49
45
47
46
47
47
49
47
46
46
47
48
50
52
53
175
50
84
54
53
50
48
47
46
48
55
48
46
51
47
48
51
47
46
46
48
48
50
48
48
45
44
41
47
45
42
60
43
46
44
45
44
42
43
41
42
44
42
42
42
46
46
46
47
51
45
48
46
43
47
43
41
43
47
43
46
43
40
42
42
42
46
42
42
44
45
46
48
46
43
39
38
40
38
42
42
44
47
50
39
37
51
38
36
35
41
57
70
51
43
42
47
36
37
37
48
39
41
49
44
41
44
40
40
41
42
39
71
36
40
35
42
36
52
40
57
52
44
45
48
41
45
43
43
41
57
44
42
43
41
45
48
47
47
43
46
47
45
44
46
50
44
48
47
45
40
43
44
43
41
42
42
42
46
42
42
45
41
42
44
44
43
43
54
42
53
60
56
44
46
56
42
43
47
41
41
44
45
46
59
45
44
44
46
45
46
43
44
40
43
41
39
50
52
56
54
44
43
40
43
42
46
47
41
41
62
45
46
47
76
45
46
46
104
45
53
46
47
47
45
44
46
46
45
45
61
47
46
44
43
44
43
45
41
42
47
40
61
44
43
66
56
44
44
41
41
43
44
41
42
42
46
40
41
43
40
40
42
44
44
41
42
51
46
46
51
45
44
45
57
42
45
41
40
44
41
44
54
43
47
45
46
45
45
42
47
45
45
43
49
45
47
46
49
46
46
44
43
51
46
46
47
46
43
46
45
44
45
45
45
42
43
45
46
44
44
44
43
41
42
44
44
44
44
42
45
42
42
78
42
44
46
42
44
44
42
69
43
43
41
45
41
45
45
43
43
43
72
44
50
47
54
44
43
41
56
44
42
45
44
43
47
43
42
53
51
120
60
44
53
48
41
41
45
51
39
44
41
45
54
43
64
46
49
50
47
85
71
47
41
46
45
63
45
45
41
44
45
44
45
47
44
42
42
44
43
45
43
43
47
41
41
40
43
43
49
60
46
41
45
47
42
70
41
42
45
58
42
42
322
46
51
42
42
41
44
40
45
41
42
41
42
47
55
41
58
43
44
43
40
41
43
46
50
62
44
52
46
44
46
46
48
42
46
55
46
46
45
47
48
46
47
47
44
48
46
41
41
46
43
44
44
42
42
45
41
43
43
47
47
44
44
45
42
41
45
45
60
42
44
41
46
44
45
45
44
45
44
43
44
44
40
41
45
44
48
45
46
45
58
43
42
43
45
42
41
43
45
43
43
48
43
42
43
43
47
44
45
46
43
47
44
43
43
45
47
45
45
42
45
43
46
44
43
41
43
58
41
45
42
42
45
42
46
43
42
43
43
43
44
46
44
43
43
49
49
46
42
46
64
42
45
43
45
45
42
43
45
43
45
46
40
41
45
43
39
43
44
43
44
46
62
42
41
40
38
44
43
49
45
42
41
42
45
43
44
43
45
40
40
39
43
43
44
43
41
41
45
40
43
43
44
41
43
41
44
45
47
46
42
42
45
42
44
39
41
44
45
40
42
42
42
44
44
43
40
43
44
42
43
41
44
44
41
43
45
46
44
46
42
39
45
46
40
43
39
41
41
46
45
42
43
40
44
40
45
42
46
40
41
41
43
43
40
41
44
43
45
42
45
44
42
43
41
44
44
42
44
43
41
43
46
49
41
43
41
43
40
41
40
48
46
45
46
42
61
41
41
43
41
41
42
44
41
43
44
51
42
51
49
41
45
44
42
40
43
40
45
49
45
40
42
44
40
42
42
40
43
40
44
43
42
42
42
45
43
41
42
42
44
41
44
41
45
43
40
52
44
48
47
48
42
74
45
49
43
48
45
48
64
47
46
45
46
47
44
45
53
48
46
44
43
48
47
46
50
46
45
43
61
57
43
46
45
44
47
45
43
44
73
43
40
45
42
40
43
42
42
43
42
42
42
41
42
42
45
44
42
44
45
41
41
42
42
42
45
42
44
46
46
48
51
49
49
46
46
47
48
47
42
42
43
41
44
44
51
52
51
49
58
49
43
43
46
48
42
49
40
43
45
44
40
42
41
45
47
47
47
47
44
43
45
46
45
47
43
46
46
43
44
41
45
43
45
45
47
45
48
44
43
48
44
46
41
45
43
44
45
42
44
47
46
45
47
45
47
44
42
41
45
45
46
53
45
44
46
43
41
42
43
39
46
45
42
39
45
44
43
41
42
45
43
41
44
44
42
41
44
45
44
45
42
40
43
40
