783
650
657
674
637
649
672
678
746
641
678
625
601
581
617
684
1166
651
614
592
631
667
660
774
655
636
645
631
989
811
636
675
691
614
673
613
591
659
623
601
722
791
616
599
595
657
679
602
630
638
630
602
636
724
713
722
675
711
726
656
1047
626
629
642
636
6464
625
634
665
616
598
636
580
583
595
691
661
573
711
652
621
600
643
666
704
760
672
710
634
641
622
655
637
668
581
609
723
671
636
705
883
670
620
582
553
694
924
754
789
709
645
648
874
1134
791
856
682
705
746
836
978
749
794
965
677
674
656
698
778
745
683
621
763
816
778
620
678
607
629
687
836
905
682
757
791
855
675
778
952
780
660
681
632
651
626
684
642
680
610
635
664
678
783
600
633
581
638
667
702
812
651
593
659
635
651
836
714
603
636
693
640
599
708
620
731
683
602
585
952
737
670
671
658
615
745
804
674
603
599
681
725
675
730
649
681
692
635
696
673
631
673
709
724
654
668
584
661
651
697
987
698
607
648
611
633
618
661
674
648
629
638
649
662
745
637
608
700
695
715
713
591
618
655
618
953
753
700
616
601
601
783
685
684
701
731
614
696
765
701
643
686
782
676
704
725
775
783
887
758
704
914
686
832
731
699
701
709
710
729
888
690
695
695
693
652
582
659
694
693
733
717
810
734
700
684
771
747
709
706
719
686
697
716
720
933
792
728
915
671
790
707
657
708
658
760
725
658
727
834
742
708
704
709
692
728
686
772
751
734
651
708
758
765
728
733
682
890
664
683
692
641
696
741
789
811
690
675
721
793
798
687
709
698
699
797
712
694
912
646
660
679
696
850
658
716
710
685
654
659
674
797
731
683
716
691
665
727
715
718
729
747
823
729
744
677
701
676
711
658
683
836
698
985
736
682
663
677
686
734
723
696
693
682
671
653
737
682
625
675
631
700
1242
821
713
747
669
617
733
674
661
658
665
686
652
669
618
705
680
668
683
666
682
674
750
741
633
608
680
669
717
745
728
694
600
666
681
684
685
695
668
701
638
680
692
708
717
697
671
694
678
750
779
694
693
677
681
664
683
694
719
687
771
686
743
673
651
702
716
679
674
796
741
716
754
722
651
621
625
676
678
796
799
739
630
613
705
710
665
781
691
723
716
771
726
722
1016
741
679
652
695
634
616
810
712
744
718
723
620
842
735
775
827
688
680
764
700
740
932
718
697
711
675
750
777
723
664
718
842
688
700
728
706
687
658
665
676
622
734
708
742
701
665
688
669
668
686
689
675
680
667
658
667
687
674
649
696
718
632
652
732
686
657
713
669
690
640
736
782
733
713
638
737
690
705
706
686
630
686
761
769
659
671
674
607
673
686
626
628
711
780
835
716
696
672
673
685
642
704
704
724
723
759
752
624
702
678
645
672
732
810
780
791
694
665
711
682
636
656
676
744
620
679
684
678
708
683
703
681
670
696
657
701
802
721
689
722
670
1011
750
721
722
719
715
691
680
801
679
694
684
769
771
846
698
731
781
660
639
686
635
717
752
672
680
719
742
721
796
715
707
719
633
785
695
662
732
686
693
655
676
653
656
600
747
702
800
741
691
655
775
690
641
662
640
669
651
874
654
654
653
756
744
651
672
693
666
663
777
747
680
768
720
673
635
679
713
669
1022
670
747
683
666
690
642
605
695
651
748
711
814
837
641
773
743
687
625
679
685
687
676
739
688
686
754
705
682
666
638
672
660
670
656
672
783
704
635
662
675
595
668
621
807
770
653
708
737
660
718
746
656
707
646
666
602
685
805
744
670
820
780
740
672
628
772
817
646
764
738
808
729
655
682
670
753
785
777
689
810
692
714
741
758
616
716
655
672
634
794
808
686
688
677
714
730
688
635
689
711
1028
653
692
677
743
716
724
667
680
781
717
719
699
670
662
619
624
661
659
898
660
751
742
639
668
664
830
775
689
707
701
638
755
666
759
758
651
679
634
772
680
539
1571
708
774
791
811
686
662
654
685
700
652
715
671
707
815
713
1106
797
1914
863
720
759
824
947
681
692
701
672
731
718
654
675
665
699
1124
689
695
694
720
698
686
742
747
675
661
696
689
744
718
707
794
644
723
695
683
850
675
678
665
697
724
738
740
760
648
796
735
670
707
649
773
613
698
705
867
781
705
677
697
674
674
657
775
732
635
706
677
784
800
593
705
702
594
671
698
662
744
679
618
651
655
673
720
708
727
814
666
672
763
671
774
712
1187
829
1164
681
678
700
760
696
698
706
691
674
737
662
679
795
852
699
991
660
673
786
833
763
871
645
676
691
757
660
726
649
801
701
823
779
686
728
743
873
710
725
756
786
764
985
772
745
793
749
761
741
734
653
1240
977
774
864
1098
815
726
856
874
694
684
611
711
601
736
800
1031
722
751
740
797
662
634
823
647
645
744
865
804
709
696
702
725
745
828
669
713
825
737
723
633
818
782
884
776
711
759
768
722
719
698
836
681
660
628
743
740
713
828
751
774
677
831
796
689
