245741
237029
233069
245787
230995
239846
243672
255722
244958
251491
245814
233928
238032
236805
243277
233339
234403
243161
238660
248424
234474
247959
240621
244143
257547
235618
232847
254322
232665
242754
241876
262633
215558
203108
225598
202117
200627
221883
201972
183355
182905
180728
176786
191776
194815
231629
171565
167766
171959
194775
177431
177169
175179
177936
177232
172119
200286
222817
180305
182388
208252
179384
173539
167619
193500
175838
176749
175664
187758
179688
179839
175662
179358
178819
185766
175607
181494
186999
173349
199125
187161
187851
180940
183925
182073
177541
180411
178615
174738
178322
172572
178019
170507
171623
172557
175177
171512
174710
170900
182562
183010
198002
183729
175945
176031
176708
178734
221724
175417
166321
180457
167284
175941
171622
172762
174274
191673
172319
208165
218562
239670
236322
230580
241593
230922
261651
244525
267891
242071
315113
302750
242590
242137
239137
233435
235458
266279
305232
284554
236791
250260
301424
257538
239989
234329
263753
271507
275352
258681
244361
247101
267356
294134
281365
202033
176298
230705
198428
167385
176497
218660
204390
181571
238331
194485
238189
194319
195331
192407
182989
184533
195880
197349
199594
205257
176427
179978
189332
200656
183377
191796
222945
219392
206320
215762
188646
203818
190625
183599
216600
210606
180916
188724
205861
194980
242902
207327
172947
180128
252888
