32272
44559
43846
42621
37460
43233
43698
37725
35564
38924
36693
31005
34226
40912
41113
33014
30439
32320
31464
33921
30097
30250
31788
31336
30074
30563
34769
33089
30385
30452
30370
33405
39193
29962
30986
29344
32612
38027
37598
32743
30186
33975
39688
34072
32310
29757
30555
30324
42019
38810
29777
35484
41142
40395
44496
43567
32358
30700
35037
42462
39980
44695
40160
30048
30739
30844
30400
36575
30288
31600
37655
31371
33007
44269
42819
36782
37332
41732
44667
45097
44814
39285
30532
34979
42803
42667
38231
33074
32351
30685
38310
35756
47043
37971
44125
30395
32905
38762
39325
30334
37337
40029
35634
32049
32476
39205
41276
41033
41557
41370
41562
41526
35367
41564
44796
44254
46936
40465
29566
40019
39214
39573
44123
43148
39340
36690
43770
43685
31929
36963
38535
36924
36374
32903
30457
37125
44012
39330
39986
36324
38706
42381
43344
41271
42091
37795
32001
36080
31907
29682
30456
29961
30140
35298
45014
44388
29741
35729
29971
30339
29569
33585
49719
35602
30779
31288
38218
31338
31969
32850
30098
31758
30192
30927
30284
30051
30952
30751
31969
30407
30224
30091
30774
31080
31067
37305
39201
35190
35879
37848
34531
44775
30533
33971
46419
32669
29978
34452
39409
45354
