56060
51780
64765
54670
59357
58403
65489
51434
47360
48142
48444
56011
45028
46153
44044
44382
43308
42974
43309
43250
44259
45195
44702
46759
43438
45189
44649
44601
45411
44062
45016
44541
47829
46032
45521
44854
45606
43335
43837
44876
45153
45264
43995
45132
45841
43642
43434
43822
42572
43047
43737
43917
59520
44168
44338
43833
43284
43462
43813
43299
43329
44859
44441
43961
43846
44098
44041
43722
45121
49138
46791
47723
45107
45716
46569
44844
49018
46463
43945
43226
46861
44874
46959
44524
43733
44289
48247
43956
44490
53646
50941
45573
47645
43480
44993
44317
44139
44531
44503
43804
46777
47867
44626
44977
45015
51683
47446
43481
44614
50437
43167
47919
49519
45764
51558
43716
42824
46451
46194
45605
44642
43153
48808
62217
61223
47130
63220
52899
53457
47878
62937
50498
48325
62317
67351
58657
59076
43681
49567
58617
51388
60355
56609
57466
44844
43414
45018
43357
45242
43651
61524
54713
55552
46530
53036
55516
51933
44213
46665
55350
61543
59075
46222
47787
54098
53469
54928
47448
61476
59283
58724
61965
52102
49924
43666
44306
43272
43543
46160
50603
51600
48037
44209
55367
59515
53854
58663
63092
55838
47082
44223
43828
46645
53884
48986
51369
58727
58278
74071
45434
