56885
72450
76314
69810
75330
74800
71225
79868
59018
65562
65322
61059
55429
70206
66244
78081
64481
69979
78740
60675
63641
60749
84008
56985
64050
65635
59508
64149
60464
58172
59740
60265
66954
62687
60471
58207
58694
56028
59368
64580
65871
59843
66560
67263
68965
75610
72032
76819
66426
78626
75960
57556
61724
57840
60848
74978
68514
67836
75188
57864
58108
59073
57477
60859
60895
62043
62515
56078
58490
59110
57353
58891
58339
56058
55893
62010
57263
57388
57322
61337
63955
60412
68617
73384
65711
62468
56651
56925
58401
57269
55263
61788
57665
56718
59268
57248
59124
60815
67481
78741
81544
63398
69137
67050
65611
62806
62973
60268
73513
56092
59356
60217
59600
70499
71825
63918
64319
66049
72906
72651
70589
73370
64161
65907
58490
57926
58374
73098
78098
73727
76212
73140
75778
72565
72699
77374
67545
73407
73782
57968
58823
57156
56285
68737
55767
59938
58337
57829
57481
56398
69483
78549
83292
67858
62315
64962
56354
66541
67827
69658
73157
65120
62848
93465
88238
79508
80933
64491
58231
61118
62850
58384
61319
70553
69509
58925
71633
60161
67254
71749
67634
59611
80195
74658
80303
80768
56634
61314
72486
74328
80854
81232
65912
55738
59600
80731
81407
67449
61581
74220
