101493
83811
87353
80470
75994
80070
83549
92749
77303
83911
98841
84719
86690
86557
82087
78558
97837
97260
81341
73965
74274
88224
100948
73496
85848
84239
91735
108337
93320
89316
82397
88127
86670
78849
92626
75086
83379
77297
91298
101782
98465
72014
112201
100871
82289
95138
79990
80064
74930
80278
79490
84756
74313
91263
99526
77429
81411
81909
95394
81947
86720
80272
68918
70196
78127
92253
81224
68576
76829
76676
88072
77135
88735
86214
88854
84066
75905
85879
81876
71582
71233
74534
72618
80531
82664
73435
80825
70773
69767
84329
93410
72689
71893
82102
97971
93589
86749
78332
97669
84631
85529
87401
95532
87436
73144
75953
79044
77583
71346
82876
109770
101497
101533
98075
100701
104791
104171
157871
94363
114263
109802
105682
73689
86818
77868
77229
89481
69853
74420
112551
107239
96149
99641
108556
117436
103218
117462
121245
140086
114065
102362
116753
94111
107874
102130
98814
94604
107688
106915
96600
95377
94951
105077
98935
105826
100581
109897
108397
92538
92336
96248
97044
97301
101802
100542
97609
100215
97249
104181
96521
93477
94883
97229
95513
102499
100113
111630
110403
104136
101795
105534
106148
102096
95246
101037
102092
98909
95644
95081
96492
100369
103920
107833
101963
93563
108279
100842
96097
102220
99504
