117058
117438
115110
113645
123220
120077
115714
108498
112793
114515
134941
113384
114880
119110
110946
113112
114694
120626
106824
112015
117383
131965
90433
100203
88182
104529
86803
95220
95866
80257
80529
98122
101337
96539
100273
88064
106309
98435
85252
87771
103564
96381
109344
122435
144023
123576
147871
114904
107880
115978
108513
81666
102153
91137
80229
81080
84556
102178
93875
81263
81705
80506
83353
86834
95818
100221
89378
81137
80287
100062
111957
104028
98707
83219
91050
82085
82578
79958
82984
89118
81904
86013
85241
99420
84318
79736
85596
102022
89449
82141
82864
87843
97691
92261
102896
116217
114019
89709
89465
88351
82290
95888
85548
108181
117649
83144
85965
90920
99336
101630
86516
100685
83911
89091
119074
112861
106425
90518
110934
101655
86195
86750
88826
91256
83759
81639
83658
80957
122076
111657
98980
104179
95708
84105
84612
91382
79513
96902
87581
100877
99776
107191
87975
81839
102479
85543
98696
104777
103317
84171
91226
84955
79291
95614
88620
91939
83862
90023
83257
83168
96534
107011
90478
84058
81685
87343
80760
83366
87943
91856
95442
104824
84532
112407
91710
92470
91722
80673
82075
82538
83851
87830
82729
80346
79229
82191
103408
107763
105510
80247
88789
82575
90094
83044
114810
108404
93026
102543
109807
105021
