144265
139134
103253
108647
144830
168005
137685
125827
135745
121553
109255
106013
116262
100383
103585
128218
146357
131164
121123
134959
130708
125089
112245
187968
114171
97466
161505
100555
92437
109982
141419
100895
98066
104724
113173
114859
109594
91390
95214
93566
94907
119752
100779
95560
90546
90878
102986
93923
100074
118575
114684
97902
91467
94679
122111
150998
105893
136035
102241
98495
103340
93157
128678
98257
92413
104379
133986
97997
95290
127028
100682
110629
112077
114302
140454
93975
91644
92758
99548
100626
135288
146182
108004
96561
101769
152319
168035
97726
130709
122353
109526
93566
98186
91915
104089
129308
108556
105474
146439
125672
105113
129676
114599
136389
133048
122885
98538
101895
139480
108150
114104
128467
96154
118588
124182
114084
130380
98585
110950
103749
129786
149856
112405
96093
98021
95778
100637
97978
108314
131135
129593
129628
134881
137600
131073
116390
119171
158820
130874
125364
126945
122988
124414
126979
127647
124465
126531
180361
125362
127084
127113
128566
110953
115422
108951
94831
93000
94287
98590
103020
106550
96456
108529
115998
97544
92406
98951
105910
98717
92072
93470
94310
121435
94014
95886
98620
98104
92074
95490
93665
100301
107028
105998
117679
89943
91130
91829
104599
94494
95594
96515
95401
91901
95249
91554
93693
104014
99160
93301
95311
