99545
99363
124746
108099
107428
107387
101246
121547
111247
105609
124472
113584
101552
133892
119371
103742
119409
105575
128608
105436
102283
101902
101162
99761
100159
107830
108161
104919
106164
120775
108078
103488
104219
107488
132307
125875
104755
113242
117443
103495
106685
102358
114730
105033
102623
102111
106487
104497
99506
104346
101150
99735
104343
103183
107554
99658
100263
103891
108254
106880
106091
108050
113420
103312
109801
113410
100486
103175
103299
137840
111830
102010
105419
103518
131296
114816
104894
122534
124766
102887
103451
100997
115529
137317
102669
111161
108303
101447
100681
102305
105149
110328
103884
104140
113916
103636
113125
104975
101770
105414
113263
104815
107663
102651
100448
115876
105890
101623
100846
103331
104447
106702
105878
103346
105124
108940
103713
99796
103778
113618
110304
104347
111248
125845
112487
105827
118927
105005
109364
108365
122841
106596
100796
102774
104317
119978
101727
104924
108145
100147
116466
108275
118681
112912
111645
110097
120562
119441
115617
102636
104946
103674
103044
108967
105672
110041
107356
109332
107111
120383
105247
99943
101900
101380
103495
99135
107566
111349
104232
106689
103002
108277
111724
123394
111384
101167
107285
98667
105499
102323
117864
109738
112051
107709
104730
111909
119202
103128
103737
105233
109968
104095
100718
102074
120746
117504
114002
115397
106973
109195
