116863
121706
124776
110862
114892
116566
121483
119548
111415
109230
111342
114986
122050
110834
111236
116593
118239
114130
115245
119057
128803
133725
124109
120095
116649
115281
119099
115840
126546
162993
113227
115950
112424
121028
123729
170865
156856
154946
183118
148931
173504
165266
159790
154796
146181
151297
160703
153876
150516
153799
144820
146233
150942
149651
148526
150582
153938
146043
152500
165344
149820
186530
166686
150797
149665
183211
156981
149095
189863
189992
187947
154685
154300
151097
142013
147711
158344
224872
175075
151257
164756
152323
156855
147495
155464
150237
148891
153916
150055
152889
148652
148198
190053
191242
169496
181680
170566
206936
155294
150812
153247
151708
147929
153862
154247
149907
153301
203580
165187
169374
178298
177601
174599
165831
158751
170756
180090
167438
173826
166864
162876
173250
169072
167711
172734
160908
163073
162140
174479
167419
170888
176683
188155
174384
170631
184220
152850
162132
216530
187750
197345
169285
175324
176714
161339
164269
181456
151884
167607
203880
176481
182578
170121
171313
167689
167751
169169
172870
155643
156817
166507
164241
152891
154915
167479
200615
166562
178245
184759
201491
173239
191305
196310
218546
200736
161606
155396
158136
168639
166799
165826
154089
156401
160374
173364
190960
178256
157433
165179
165974
157156
169183
153947
167666
161690
154000
166121
167468
164238
162664
