44133
16389
16434
15703
15268
18699
16260
16671
15125
17276
23878
23632
20762
15680
15105
18010
15350
15069
15577
17140
17945
15722
15964
20508
22518
23517
22585
22953
21361
47298
16113
16625
16565
15799
19317
16227
15751
18399
15878
16305
16191
15509
15298
15368
15771
15513
15565
18641
21688
24282
25164
17349
14998
15971
16352
19280
15327
18131
22771
22615
15726
15623
16045
19427
23891
24236
18024
20610
23560
20820
15256
16367
21861
19308
17499
20343
19795
22960
19724
17190
16475
15543
17236
16854
18120
17231
23077
23711
20114
15689
16367
16465
15653
15810
17460
17636
19443
22467
18342
21032
22305
22498
24211
19089
17795
21407
22698
23638
16236
20696
22363
23760
17261
17783
22662
21828
17480
18133
17674
19338
21506
19109
15420
16115
15632
15822
18024
21608
22728
16371
16453
16314
20086
20414
18447
19836
16717
15949
15829
18855
23902
23312
23863
24626
23397
22181
24751
24891
23527
23946
25006
23007
15416
18802
17153
19598
21522
16784
15557
16102
15879
15571
21938
21171
16341
22717
15928
19877
24419
23512
23441
21823
15740
15897
17947
16957
19183
18784
16973
16993
16509
15897
16730
16411
15875
15656
15756
16212
17475
21328
17427
20121
19281
15493
16356
15422
15627
14768
16401
18691
