183732
172675
165826
167761
186476
230298
202661
176025
177899
162543
168495
177900
188503
184047
187087
173165
168319
160947
163243
168459
157172
163545
169135
161622
162884
171866
156530
163856
205261
188801
188608
194482
165127
159922
187645
178874
178961
170697
173243
165287
192880
190304
174568
204055
197262
182407
186519
183900
193032
190067
185122
174727
176966
175278
168492
178595
179062
182186
180370
178794
169160
171789
179908
175961
157956
166271
159613
163096
167429
173292
163745
167121
160025
150558
161464
195382
173098
171917
187286
176898
172348
175886
165010
223045
172555
204153
260750
205605
175057
165269
215657
200618
182248
192407
168572
172547
180276
173566
168225
181472
167766
155352
126440
161166
150622
133880
119242
120708
121073
123618
118633
121282
165223
129218
134132
120101
130687
124656
127317
118545
120029
120132
126515
137800
130082
141010
129631
121116
137158
122518
131146
122817
122214
128713
149871
141675
122101
122413
125424
125071
128228
166778
121415
153889
141249
164661
128979
125932
122017
128935
121651
126547
122321
126544
125035
119199
139663
145606
127647
129723
159442
125738
123302
124309
121743
121066
130220
118780
125853
147042
136454
147312
122569
128396
120991
126507
120626
122396
122057
123712
118958
122471
120015
136409
147297
124257
163583
144108
135310
121973
128541
163643
132825
125480
160884
146765
144792
120581
123524
149175
