182138
147275
139725
130408
144241
134423
135016
158706
137104
150657
139866
136084
140560
133371
150681
129161
128377
129651
137474
129405
133203
160387
134190
151739
142810
134040
140783
129272
134052
148089
157557
142441
140585
142146
130163
142842
137890
164528
138402
151095
138855
130546
131662
130315
129036
136963
158176
136682
134104
145445
128083
126022
126620
137230
128589
133510
133385
151016
147710
141025
128845
139301
153585
132683
163359
147353
133996
164869
150833
144167
135232
135597
136225
141592
162801
138750
162837
149215
163557
164374
141631
159380
198210
270369
225543
210757
179131
182856
188917
202228
152207
176625
128367
193287
206679
188216
196523
179464
177082
169611
218112
214820
254278
232336
175516
173121
183240
176633
173284
170537
167536
189358
174854
180523
171338
172028
171795
181158
166701
175592
195882
198117
179104
196678
236107
216526
188485
220084
216921
204954
202242
184973
181653
173760
201648
237436
194714
197131
173344
171852
177956
165364
177839
169169
173752
181280
153593
131339
143533
144878
150404
141723
144332
175123
184252
194056
195000
178199
143983
165564
137302
125857
126361
136841
163503
178122
206186
207571
176536
179758
216261
205462
177659
164322
172086
124842
132770
130450
134279
127560
137851
135370
146865
147925
127136
130384
153446
128601
134173
129674
126624
131457
137902
128850
148166
133503
142254
160012
135605
141416
