140527
134553
168909
138364
150415
187689
174695
133313
137675
151749
144387
140450
142456
144444
133756
134725
140345
133574
140219
135833
139924
144294
148119
144438
139958
149607
142105
142608
137546
133696
149184
132430
134197
143811
144280
133777
162394
142302
139822
139287
140882
160029
137943
135515
132491
134402
132635
136877
136987
133940
136522
134894
136273
133821
139844
134338
135575
137231
136565
134567
135725
135662
137900
137362
141124
135890
137259
133911
138979
140876
146349
134605
134884
157669
131309
142431
155259
146155
137070
137549
141103
163381
140832
156192
149925
136537
158670
156861
149114
163292
178267
169381
145187
171501
173202
156108
147579
173141
158871
164870
144659
186037
147299
147800
187042
210755
167359
178755
173858
143315
198601
180027
173023
201515
183843
143291
132275
131706
143253
136614
132038
134752
133424
137284
136761
155516
140804
143181
130933
147173
164214
176142
167937
159666
142791
152339
133762
135458
140584
175045
150265
169009
136391
138624
139985
133975
147041
150888
134278
140529
135762
135063
141484
152385
170805
140508
136435
144547
167839
140620
143674
178477
133164
135049
154442
144723
155587
137251
142858
154773
146159
142226
151955
145351
143683
158748
156615
145723
138826
146664
145859
148149
139139
135877
132702
141356
136821
135275
136892
137350
139720
140994
226768
158174
198172
193580
171416
187373
150901
152498
