153752
152044
173260
173392
142736
183014
149051
149003
159497
190960
217790
185829
137565
166871
157743
146934
146097
141418
141260
150978
147968
165216
167539
166540
140905
180558
169195
188390
148519
142090
179439
156660
179945
192826
167769
145511
171073
190223
157458
152013
156228
187319
160681
157562
144178
184375
147608
201238
204833
186152
147076
162927
190205
181758
145135
156923
168640
144529
139115
155006
169172
177969
173080
181957
164297
185033
165483
176267
166528
162571
159303
154927
189511
184578
208822
150313
196766
151272
162797
164108
152989
185496
154203
142231
155111
153847
147418
148520
173050
156473
166037
170700
184100
169123
172773
143373
142216
157785
171031
154871
150826
155811
147587
145286
154075
147174
159006
170461
148215
144412
163949
143349
162253
142359
157045
153091
162023
179240
162357
169096
170684
172472
142153
171985
178371
175618
174358
174535
168300
179298
183869
182483
169251
156612
150779
180775
166796
159733
181470
172071
158001
154030
172489
171703
142461
142615
188256
170755
181691
169968
163810
149587
142218
154851
174432
176277
157256
147408
163057
160029
164321
170760
193341
153176
140580
164783
156067
168092
178654
165059
150259
158891
178396
164808
168718
160343
196943
177976
170457
172103
142265
166150
140782
154767
175341
169209
148470
152508
176515
144822
168739
149225
149343
188377
142842
144961
192370
153735
147468
149298
