142502
160429
143645
147169
164294
174529
155890
151429
164593
174619
189638
156794
148468
144285
144020
142206
148062
153438
143312
143131
144346
142585
142068
143502
145777
143241
145219
158601
144081
141377
144257
141262
141839
149227
156701
186838
154242
146270
161715
167493
173865
180755
219464
157480
180231
176497
146824
146849
166319
195983
185069
145154
192044
144785
188482
153978
142824
181489
181964
172439
178072
175659
193043
189968
150548
155066
189775
183323
184653
214986
173964
186939
188804
177660
181113
175010
173051
195957
162342
188416
166435
188443
167178
182034
153734
180551
171894
183666
160575
166313
178801
178538
149464
166189
178920
177501
166921
192436
164274
195719
159968
156417
177551
182848
178951
147627
150884
162500
172015
153403
176961
163470
147790
149090
154007
161062
173621
167160
174593
179379
161668
198151
174327
179510
148565
167379
167450
167654
183831
163132
165680
189379
188759
181634
206776
175679
178645
162955
160539
181727
203290
166748
175723
182768
162145
179942
197478
177794
181890
164248
154903
167172
175279
149705
163942
188436
167184
150338
180625
166807
176206
147009
192228
160215
193443
168564
171905
173561
157328
178265
158676
189421
159613
177523
170428
195918
150291
171753
187741
146818
183891
159798
147080
166245
160949
172401
148727
162752
167094
166298
153516
158437
183837
169293
192900
163085
202118
175823
167350
172669
