193483
160734
195458
209087
174240
176461
192505
154664
180758
163786
182422
170356
175204
202762
164406
174464
165018
155229
189363
189353
187920
151912
173642
155324
186372
187798
156815
202107
178455
169561
151109
163370
150935
156443
154915
161040
156793
175695
161161
157190
168888
154046
167309
156582
184460
188208
155072
176940
160357
165922
197103
166335
180494
246400
181176
177805
174525
194468
155962
156160
154900
156838
189293
150252
151335
198201
181361
176492
167813
181401
156511
242704
153701
153377
186476
211306
150381
161943
154827
154430
151559
156163
165577
178795
157805
155230
147152
152394
173913
172810
158477
151236
149076
151077
147610
157704
165634
163536
168373
185841
168432
164556
155643
152780
162184
168862
156243
152502
170126
168947
150914
152968
150375
153662
150744
157368
152675
187727
149911
172150
192803
174370
143573
209615
180866
180067
186386
196423
186185
204623
184377
190312
152414
157645
195649
167740
172630
161555
177564
154086
213664
178436
164173
168664
152206
151986
158851
159062
165549
169964
170042
172440
164167
157801
176936
168952
162341
164543
173907
157877
180903
154837
168923
162909
174252
161229
162477
160031
157848
169214
184616
176125
194291
153908
160538
178961
186766
189777
162953
161036
156977
177148
164588
153855
161302
150177
150134
163713
168464
170648
163377
158772
158972
166723
198641
167749
176834
164903
177617
164490
