166603
182361
153088
153183
156043
160141
209444
169496
161828
165467
210730
198533
162939
179051
147416
176841
189015
155187
164920
167593
175587
175799
175792
155542
189523
183698
186860
158812
163423
155457
194861
165493
197747
154116
180811
169500
162018
155990
152845
171658
195999
156449
209247
178328
189806
197012
183297
191964
172160
174504
184320
179305
182750
165500
162462
188724
187073
241772
178418
165059
168505
187828
162150
192729
172681
186946
153492
156626
159280
164149
197586
152099
187922
188528
228827
151564
195368
190295
195828
162724
159457
158698
161689
169540
185358
171349
195230
184828
190983
166029
158355
153754
179578
189358
192930
183867
160539
173671
194841
164850
180181
154649
172772
161786
164397
152815
160413
164398
152852
189611
189539
181325
161006
205495
148611
161627
200574
181408
159533
187043
172798
173213
168229
163551
152786
151370
156426
183566
161041
161729
153499
151943
153003
159698
190527
172002
168953
161928
154274
168537
180270
151279
174746
205096
166835
191621
155727
184104
151635
179643
191285
167758
153886
186837
166170
160501
168777
160607
157660
155595
156461
183637
161762
167583
163899
155326
157878
167905
176697
156417
165159
184124
155175
156208
168394
189395
202998
202066
173111
168526
240153
215048
156427
171010
161918
158963
175543
172152
182284
166445
163932
159968
158792
157607
165076
163684
188648
174412
183324
162223
