177991
184777
164602
161318
166350
169790
167754
169743
172568
186582
165338
156044
159660
162368
159095
162260
168657
186103
163749
153924
168886
171095
163946
156833
168324
169631
158831
169853
157975
172690
167223
166924
165521
170568
168934
181338
183676
171200
165171
164470
158416
174030
171162
170851
175332
181547
172098
197721
190003
196276
192932
190140
177804
179057
168416
175242
166978
232001
203286
176747
173526
169932
165946
180969
169291
207575
190998
172064
158171
177281
171916
168471
164740
197495
196135
189853
174924
159425
169346
165593
182091
183779
169294
168848
160009
175433
174834
195904
173745
171774
172422
161716
162149
165707
176638
160047
172045
173267
196307
205974
242753
178428
189797
192052
170913
176171
202891
175811
170674
175285
189885
192133
168388
171282
170752
170944
167454
172954
169716
206433
194486
162613
177794
178425
156955
173747
176045
169296
182131
180499
173749
176843
195707
162277
171617
156169
190376
180703
191283
177483
165424
175108
164588
181473
181139
162795
190053
206212
176902
166692
164042
173142
163389
161316
176998
205460
175044
202924
164555
171436
172185
178937
203210
203073
192132
172414
159660
186694
158943
161698
159759
158834
163445
170886
158690
164624
177077
182207
168910
176620
161597
203911
191552
174185
165773
188610
175183
176839
173264
172083
161847
160534
202539
157331
182783
229298
173216
173072
208596
210731
