196438
197013
202310
186412
187087
195838
191297
178316
190914
173358
173061
188217
190584
203477
174736
212776
180316
170354
189647
173787
171987
171713
183352
207552
183789
180634
180257
183591
169968
175919
171558
170287
187054
161012
216534
176590
167381
167290
175581
180197
193719
168954
188581
180635
171213
174986
187673
178381
174378
187157
183216
180949
204935
164160
186459
176374
216892
197768
201188
160793
170063
201762
189814
194648
171393
176122
191680
200748
213319
188179
173145
175149
177119
169437
182484
193731
168281
168068
228958
179282
178461
165014
178028
175117
188094
181609
190944
162916
167106
171815
195434
174078
179050
175259
170611
204405
169010
162554
176636
177117
180617
172162
176421
175936
177802
237879
220480
189850
167224
178898
203024
230215
202320
223895
190957
204422
182169
188491
167428
179690
224778
234257
240035
226286
230063
242547
226862
240321
236127
224411
205562
176150
187892
218782
204406
195220
196409
171472
193733
219238
230929
221937
180289
186185
205497
194531
223819
209784
188719
178447
201183
181133
168861
176000
192444
201245
215381
198777
202883
198050
170720
164312
203866
194214
169204
180139
165624
167885
168663
166131
176105
186593
202176
199072
179338
175505
188665
191746
169533
176978
165061
194250
198561
170278
164083
189133
208629
165508
209489
210679
164225
174092
185033
189851
209993
213451
187507
208184
174176
208295
