169569
185075
211361
189941
196475
226389
186671
186131
204874
239344
171462
219750
211483
172881
185077
201692
191528
192206
164866
174357
182608
167927
181515
187437
186126
180183
170195
169743
189971
199073
191964
171101
180694
165599
179720
175839
174166
203704
181277
168293
177818
185911
210609
173702
181181
201175
173065
164535
177139
202099
209875
164260
175800
168315
203549
199804
213423
174488
175968
184464
176854
180583
174139
167668
175354
176795
201082
216761
213025
201392
207850
209468
166258
206844
217662
188995
180706
208240
172995
177957
208599
212505
210945
191292
201162
186337
167586
190167
176952
182251
199650
206215
178656
174421
167952
188461
202660
190110
174310
186715
190787
204585
180655
169061
181061
187566
174947
202028
234044
167461
194971
230197
208294
216015
187489
171203
167211
219321
202100
166137
166413
179853
170757
183419
167486
170540
171329
216432
201180
197458
172833
196491
184059
244526
190190
179133
174838
179587
249889
243885
198130
254668
217859
218776
204610
206293
200797
227896
229277
211071
202571
180558
197238
187243
174173
180491
185783
178008
192665
180463
184810
222698
199860
190840
185237
194980
170820
163367
177909
168772
175240
186372
172438
193351
172289
192167
178334
181773
177176
209930
314612
256606
251014
214351
196773
169532
218036
239772
238158
228128
246698
227343
242282
234541
236872
244778
227541
245332
262474
237827
