20752
21810
21889
21802
26517
22387
22577
21186
20773
20612
20247
21154
25016
22232
26819
20634
21829
25047
32525
22974
23319
23312
26601
26923
26328
27301
21691
21938
23946
20883
20851
23552
24323
26229
29838
21496
22328
22488
20726
20671
20266
20836
19929
20072
20627
21378
20903
20578
19982
19926
20276
21226
20322
19665
20508
20421
20862
21966
21189
21129
25759
29951
25539
20718
20068
21397
21406
21773
21075
21150
21321
20737
21096
21347
20467
21497
20460
21306
20728
21712
21947
21038
22934
32479
21883
22339
27032
27957
24301
24151
21302
20723
20305
21315
20891
21361
21984
22053
21281
20932
20578
20546
22885
21939
20202
20133
20362
20539
20597
20812
21092
21471
21498
24190
20959
22646
22421
22878
26791
34201
23503
21871
23104
20345
23781
19646
20635
19971
20919
20234
21824
21180
21229
20932
20577
20176
23394
21688
21245
21183
21446
20254
23632
22279
23390
20391
21145
21077
21217
23120
23167
21974
24057
22217
28863
31394
21080
23134
21974
21891
22689
24079
24932
27556
21755
22534
22698
20426
21003
20466
21485
20470
21809
20786
20786
21135
21118
22083
21713
21180
23482
21777
21681
22719
25876
21731
23110
25028
21570
23087
22115
23718
23915
21936
20794
21612
20404
20274
20733
20234
