64593
62428
64365
83407
66119
78749
64108
67081
71331
72904
60957
63230
74537
62981
64190
66780
66966
81700
65702
60746
63203
64991
65089
60844
59368
62922
64935
71555
63693
61796
62691
65219
73478
61650
81907
63764
78105
61992
59712
61125
60826
63131
75016
60144
59831
64257
66057
68841
62047
59238
59302
60024
62391
60413
61002
59934
60410
59931
64171
60573
59712
68377
73713
62374
61484
76815
75163
66539
59881
62167
64278
61858
59789
63647
62296
61421
62410
61693
64815
61518
62604
74094
81909
67628
65772
68816
77266
79049
71564
59985
62278
80924
68601
69829
62807
62741
64302
70865
69293
62496
63045
61708
65555
69594
82002
62686
68391
73319
64102
72250
66352
62556
61329
62291
62349
61795
63745
61340
60862
62260
66590
60833
61284
63905
72076
73001
64451
76872
78464
66962
59310
58724
60089
61698
66469
81211
63411
63262
63643
110903
72567
73380
70498
63161
64612
69185
65985
63833
84941
75133
73555
68577
63731
93591
70666
65361
71082
83077
65795
60507
63834
70631
66728
63178
61330
60788
60576
61213
62793
62821
60665
63937
61462
60393
60432
60522
61631
68517
75658
69482
63160
61204
60841
60656
65093
61359
62689
61048
61061
60887
63439
69468
67147
62187
64732
60361
60821
60645
60399
62407
