29619
29388
32014
33979
31570
30499
29784
29123
29377
29784
29296
33519
30977
35370
32971
30887
29481
29168
29377
29927
37320
39957
51054
48842
47862
47165
48767
45654
39565
40040
37493
37509
35250
38382
37996
36654
35109
34987
41180
31414
32518
30736
33190
32529
35027
30284
30756
30604
34918
32221
30731
30590
32086
30860
31813
39427
41266
40547
41637
50189
48051
50340
53317
45773
55230
53198
46553
46717
48812
54867
66595
56852
47938
43274
43326
43467
44126
44080
40444
46870
45824
41333
45668
32600
36433
34186
34522
32909
35446
32737
35143
35565
31628
36269
44046
42174
43546
44496
41475
41925
40718
40863
40292
46744
47552
40359
45322
42362
40092
42616
40997
43240
45048
41790
41742
42229
41039
42266
44503
50780
42851
45124
41426
41772
50110
48775
43150
42186
41036
41119
41296
42033
44627
54227
56779
52885
45854
33238
30837
31949
33857
33172
39283
40225
36376
33529
32524
32204
35282
31351
30952
33804
32843
37969
50508
40133
32117
32815
48029
47117
46651
46595
52596
61397
49993
53527
54781
44426
40376
40617
40101
41368
43089
40677
43944
54391
41502
45343
52286
50589
41090
43627
51668
57733
58668
50056
53952
41765
40659
43196
41440
40883
40775
41113
41208
45723
40409
40709
39591
41907
