51919
51239
50644
50948
41103
39033
39709
39382
38325
36987
38489
38599
38604
41302
39761
37638
38219
37600
38258
37947
38725
42113
38639
39735
40912
39699
58859
51209
59997
56240
53055
43609
46282
42242
41479
40195
39181
37714
37174
37476
40147
37708
38685
48019
40545
45598
45241
44719
43536
45168
55310
55360
53407
47378
71838
50164
54863
42242
50754
58604
48582
48331
46458
52977
44635
44283
41312
46388
45355
54712
54964
52222
46085
53352
68456
62686
43310
46174
59657
45776
51684
55553
48263
42725
46255
46828
54257
39418
43733
93111
49862
41153
42143
41311
42286
44431
40599
39334
40441
38581
37817
37755
39896
37623
39979
40333
44060
41170
43405
56201
42236
44923
43812
52235
52116
40416
38562
38452
46900
39465
44704
43986
39207
39916
41486
39467
37726
39024
38662
40365
42358
39990
54556
42283
45256
42091
47947
39697
39938
38500
37678
40927
43373
43163
36940
38011
39538
42172
42680
38562
45821
39449
41460
38361
38243
38839
37175
40047
38888
38655
41060
45198
44767
101620
59983
42965
44301
41133
48815
48962
42383
46192
38591
39450
41436
44793
40156
39383
38154
37674
48329
39449
53299
45522
42148
42947
44660
39055
39446
36887
36367
37463
38093
38835
39273
42046
37635
38927
37728
39399
