47251
43945
49350
48991
50959
47968
47702
45449
50043
46397
53979
45525
48057
46637
47878
48813
45323
50757
47546
62896
48505
48480
49394
54451
48410
45761
51702
48212
46254
45430
45019
47084
45424
44582
45082
46668
48215
47619
45392
45105
44515
47549
48018
46191
46021
46719
45253
44635
46575
44557
47793
47861
47450
46939
45338
48101
45097
47763
55028
48008
45479
47331
52058
46387
49061
46651
50690
47486
46636
45119
48023
45176
43776
45004
44576
46014
45014
46372
44550
44833
45411
43866
45579
44382
50858
46837
46262
45947
45184
44767
45363
45001
44155
44455
44734
46787
45315
47683
47222
47029
46648
46859
45953
48076
52719
48371
50128
45955
46670
47197
45936
45648
44664
45026
44489
46535
45253
48159
47183
55925
46952
48620
56837
49204
57283
47589
46167
46788
45370
44301
44412
44164
45047
44457
44148
44587
44224
44751
45086
45996
44683
44776
45854
47229
45574
46617
45489
46748
45796
44553
60035
49097
45764
56879
60296
83342
71017
67335
58744
55305
59448
65851
65407
72093
66040
68750
60339
61179
61569
62646
62702
63629
66792
75765
71632
65995
68135
63108
61193
61294
64249
61051
62623
67637
49671
48693
47402
49827
48877
49493
47328
46951
62004
54934
55045
61038
61800
61201
60759
61559
