70663
70521
70409
69881
70224
70293
70690
70182
70670
70147
70195
70829
73922
70336
69942
69552
72302
85967
71374
70825
70537
60425
51081
53250
50927
51295
50764
50912
50672
50922
53173
52820
51220
53519
53202
51421
74174
73568
62435
74033
71988
83202
55746
55200
54218
57671
52468
50932
51602
51436
51034
51998
52134
53015
52008
51966
52372
51719
62315
53733
52157
51123
51442
73360
54140
64352
69615
59509
52819
52101
52664
51409
82546
58076
54677
52833
55932
73157
54519
72702
65792
53049
51166
53095
51895
52224
53661
51231
51194
51020
50780
57137
50633
50723
50783
51395
50288
50139
50974
51217
52081
50584
54382
51656
84544
71764
63832
62948
61858
80778
73571
55673
55879
55183
51820
51427
73891
55137
62097
57268
55547
50991
51170
51095
51474
73283
72535
66085
76120
68031
99541
55413
51016
52329
52842
51168
54269
86827
54771
59497
53404
52540
50418
51117
51004
52039
50973
51874
51036
51582
51712
51362
52830
51937
52915
52032
52072
54376
52970
51567
52737
53317
50744
51158
51548
52542
51689
51017
51461
52279
52942
51676
51644
50998
52269
50769
53659
52581
67611
73420
55982
56871
59358
53713
50356
51046
51267
52137
52931
52315
51356
64207
53196
53118
52065
53582
51481
50654
50728
50963
