57845
57990
57491
56270
57555
58372
59698
58278
58862
57490
58512
57424
60586
56688
61299
57165
56808
58996
59902
60927
57836
58405
58415
63975
59863
57897
63069
56622
59328
57317
66076
69335
63169
57382
71282
66251
60772
57715
59409
56565
56643
56526
58603
57840
56242
56563
56513
57312
56218
57221
58073
104447
95266
60671
62630
59355
58108
85233
91568
70188
77974
88640
69306
57085
60715
57203
57967
66934
70959
66818
76496
65276
58504
57836
56037
57090
58412
57399
57076
79278
60906
60875
60312
56042
59053
56735
55706
57103
57350
56800
57172
56975
56743
57242
56989
56536
56462
57399
57567
56539
57337
56891
57016
56245
56601
56042
64953
57374
56002
57550
56391
58632
57514
57627
56991
57294
57932
57761
56732
56350
57371
57414
65737
82575
90385
71775
73083
69113
81345
77564
67050
67267
60566
61783
62934
59363
62361
62964
81892
90329
83597
82057
88072
81590
78259
81799
78477
87031
94864
66402
65590
62612
72290
64943
60613
61695
59775
60781
61637
66739
57408
56851
69965
79751
77411
80231
77427
78256
78556
78436
78247
79071
77835
78435
78532
77552
78251
78303
78550
77962
77670
78376
78942
78834
79102
80992
81897
75563
61719
60805
58189
58765
58368
56937
56444
59489
57827
56728
56861
57000
