64594
62149
61652
62845
64870
64518
63218
65228
63500
64867
64274
63392
65118
62849
64633
63054
65427
62279
62607
62585
63383
66773
60807
61493
65353
68116
62607
72744
63687
67444
62916
71714
61412
63193
65092
61765
66637
82236
69165
77307
64432
66000
61832
62836
61499
65504
62526
63166
62464
61887
66029
65063
63654
66424
61702
63187
61668
61469
61676
64682
62592
67452
64594
67112
62318
64849
65093
61151
63208
61846
66600
62636
61937
62195
61602
59450
61140
61026
63155
64512
67428
69323
67432
63990
63594
63888
63386
89377
105604
93165
89127
75729
74818
86888
93886
81937
99512
84726
86904
83931
87237
96270
98017
91894
91770
86347
84279
87756
89780
92607
66986
69820
65192
64089
64475
66257
74089
89987
83998
83686
88682
85096
85208
84319
102560
102226
86126
93761
89932
84051
84187
85377
85568
84683
84821
84111
106504
102744
82128
63228
66811
66026
61905
77952
83930
113816
86428
75227
69567
62297
65110
63214
60289
61833
63824
62559
61777
64436
63269
61135
61551
61259
61460
64601
61168
71883
96499
78651
108472
86082
61326
64836
61610
61349
59793
61033
60532
61156
61822
67282
64268
61037
71874
73618
67447
68800
63333
61358
61062
61732
61369
93270
65721
62432
76824
61443
60509
68649
61563
61391
