89757
79490
74940
69175
66795
65937
66510
68024
66416
65995
65129
67661
65657
65715
76090
68675
82089
79649
69437
83366
70888
101449
69638
72816
83798
68931
80572
69336
85863
71447
68280
82959
71179
85386
83211
71213
68952
96442
67118
69338
68211
79768
69700
67401
68948
65575
67622
101540
78942
68534
70538
68622
65991
65911
66048
66094
65564
65033
67993
82769
70622
82122
76012
101471
68515
68545
65573
66060
68228
80454
80535
70675
69220
66168
66313
68028
71834
111152
123964
122472
121718
80439
76538
68225
66045
66867
68985
66688
71171
65270
66244
66582
65496
65639
65482
65894
66140
67266
71844
69453
70010
64872
65546
68026
66736
65550
66075
65908
65480
66946
65244
70072
66031
65559
65568
68686
66145
65928
65271
65305
65510
65453
65581
66277
65228
65650
66883
65535
66551
70805
68906
69976
65060
65172
64902
65792
66883
64822
67874
66075
66811
65343
66066
67660
67694
68083
70744
64809
66609
65300
65778
65144
69533
65029
65493
66242
65328
66947
67002
67887
64773
65158
66939
66095
67034
66366
65675
65977
65968
66565
65456
66935
65513
71714
72035
66635
64720
69108
65330
65866
65504
68039
66171
65816
65824
64975
66122
72320
66782
65164
65426
64844
65409
65535
65825
66712
65952
66251
67057
65151
