20556
17087
18494
14837
25482
14880
22213
13092
12445
16817
19437
15440
15387
17423
18188
11506
12211
14400
13671
14045
14630
13969
12806
11417
11611
11077
11994
11684
12039
17299
17186
18566
18408
12678
10723
10661
11032
10821
11196
11494
10995
11831
30673
16485
12447
11664
10759
12178
13785
15120
17481
17003
18406
13646
11590
13873
12490
13026
12768
14057
11421
11308
11212
11122
11419
10740
10802
10574
10754
12218
10891
10881
14400
11383
10986
10979
10748
11073
10645
11160
11095
11411
10936
11579
11019
11050
10859
10868
12084
11240
11450
11094
11664
11184
11700
10973
11112
10590
12250
11859
11000
10838
11214
11007
10737
11596
11238
10677
10754
10540
11297
11553
12401
11490
11232
11379
13103
16239
13890
18661
15540
11170
11116
12492
11192
11467
11438
11544
10858
10682
10836
11018
11038
13535
10831
11005
10822
11464
24023
24043
14758
11377
12624
11713
11684
13088
14463
10814
10916
11776
15625
14596
18740
14359
11243
11569
11397
12583
11079
11881
11249
11203
10984
11224
12055
12055
13395
15126
13512
11334
13210
11620
12049
11043
11047
10829
11191
10756
10685
10842
11700
11345
10583
10918
11700
11254
11791
10710
11558
10711
10484
10552
10968
10358
10992
12169
10620
10919
11495
10795
