69369
69194
72084
70541
69017
68371
68367
68588
68804
68863
69078
68234
69736
69925
69114
69128
71778
69033
69281
69230
68683
70652
69230
69829
68631
69572
75068
68766
68527
75721
76240
70873
69058
69130
69614
70161
73801
71997
73840
70524
72642
70990
72432
78889
69140
71565
68857
68285
70724
69350
72162
70929
73436
70456
68809
69112
70541
75065
74715
71626
70144
70713
68744
68441
74218
69564
69421
75455
71047
70141
70836
69667
69679
70250
69083
69578
68894
70745
69258
69205
69460
74583
68192
69092
74750
71723
71493
69510
68892
69414
74180
70644
69809
70379
69931
69587
69352
69441
70835
71316
69449
69985
70246
70224
68030
69598
68118
72365
72113
73764
68979
69351
70711
69440
68760
69726
71634
76313
71985
68602
68412
68948
70354
75631
79906
72659
74950
72661
69492
69648
69197
68745
68928
69736
68430
69819
68333
70100
70417
70014
69132
73154
68817
70555
69147
69317
68995
68592
68997
70534
68521
68819
69413
71730
76799
69532
68821
69207
69055
69256
69651
68432
69089
71064
69465
77233
75499
69319
69759
69406
71480
70700
70077
68296
67735
69867
67997
70953
71460
76005
74039
71801
68983
69546
71780
69527
69618
70015
68078
69050
72805
70097
72571
71740
70369
68989
70723
68762
69034
69791
