72473
71648
70422
72356
83918
72298
73609
73143
73102
71436
71699
71391
73007
72148
70709
71345
72091
74353
71223
72413
72710
77209
74683
73838
70918
80900
74310
72697
87283
81234
72356
71958
72640
71652
75124
72739
72205
72245
70902
75554
72394
71701
71982
75329
73717
71470
72717
76863
75119
72742
71136
70626
75940
76029
72975
71500
71450
76099
70931
71714
72890
71984
70493
74577
70708
71935
71644
71220
71049
72956
76717
74612
80425
73643
74085
77306
73333
70993
72766
71207
71125
71328
73543
72427
79092
73947
71143
73196
72759
72441
75595
73178
75827
70526
72308
72924
73280
77998
82557
72047
73071
79480
71799
72678
71072
73613
73259
72692
71219
71690
71932
72041
81356
76368
77507
76169
73138
76461
75572
71975
72622
71375
72046
74353
72936
77442
74630
81288
73677
73965
86957
91765
86390
75073
76068
73552
77076
82505
75731
76558
77581
75855
75365
81365
80086
72426
73199
74404
70571
71493
73256
74460
78550
74228
73658
74738
72736
73799
71602
77058
83403
75001
79792
81459
72190
73232
73654
81578
75412
80119
69717
71188
71147
73700
80681
77429
73597
78423
85335
80350
76145
74346
85469
74036
86967
78628
79463
81503
78576
76109
75313
71211
72290
75621
81687
77753
87233
75716
77669
87962
