79899
85650
91498
85123
76249
74912
85629
89673
83751
76146
89327
85014
95815
87875
76526
74762
75154
77705
82807
75992
77837
78713
77323
89619
76175
79125
88241
76112
81483
76259
78591
75771
74727
77932
75886
78713
75334
75877
77584
79612
84965
83792
74740
85919
76036
83364
83025
115720
78997
74987
75400
87566
79461
100234
161016
127665
100675
84987
75417
81317
78206
80444
75869
80655
79426
83672
78913
79472
79970
90380
95143
86070
73077
79942
76261
95798
97638
95874
82296
90307
97935
82290
82366
76399
80565
99577
77244
79290
75536
95290
74213
78299
74329
75423
89825
99608
120794
146111
151047
119024
139056
130517
150824
131964
88641
101311
86001
101497
77803
109448
85406
91509
75730
79683
90247
101114
116155
78554
78417
81494
86338
78489
99894
74981
119058
88473
102759
93363
93378
90462
94804
94180
77126
80743
74822
76808
76010
82920
82971
81521
81562
80593
73989
77341
79949
80110
93159
83377
92342
82693
74456
85934
82849
80313
101990
86147
97670
79189
96974
82951
81526
97675
85186
82838
82382
76718
77578
84275
82132
84348
73820
74048
78177
74737
91744
88667
78589
80916
85299
79875
80166
74536
75771
76790
76184
78714
74857
77155
79932
77029
89137
76671
79402
76841
79001
79652
76444
83292
74606
79159
