76896
85294
78295
78050
85946
109079
78647
78728
81272
81812
84686
76282
76645
88572
76709
76695
76683
77480
78469
77508
76086
77370
76119
76848
77897
77498
80868
81768
84319
79174
78973
75368
82418
83943
92669
77802
90308
76403
83866
79927
83677
88104
76510
75490
77090
75640
78201
76783
81741
85142
75494
84924
80102
82532
82759
76593
80663
85263
96272
75933
75813
76107
76851
78929
90454
80345
76809
75771
86111
90619
96412
82214
74978
76915
83976
117336
82161
77711
80226
76465
112272
80132
84248
75425
75371
80560
78292
74483
75087
74808
77450
83058
79120
76071
75240
75236
91841
149514
81161
75832
75380
80335
75690
74660
75240
76562
74536
77583
78093
88646
78707
75975
77083
75157
74427
75227
74645
73933
97535
92750
86122
75535
81069
76926
74943
79085
77701
79155
100347
83002
105687
84500
98883
75418
84711
84882
103064
76899
84362
82294
107702
80068
75189
82465
77111
78864
76765
75424
76574
74759
99830
88408
87644
85397
84790
87797
99987
90962
81848
83807
74684
73253
74554
74719
76857
96419
75083
74720
75335
77569
76978
74547
75206
74372
75392
75849
75133
73901
80686
94226
75921
75105
73907
74612
73627
74519
75426
75551
81045
75508
75620
79869
75266
75745
74849
75150
73727
77139
74563
74657
