76574
77171
75419
76702
78840
77754
77441
75944
75472
74467
75930
82256
76609
76110
75371
77546
81650
87089
76684
74305
75143
74615
75269
74965
75043
76193
75738
74154
76402
79797
81347
76346
75612
74070
75071
78632
74873
74295
82574
84220
79240
78104
82530
80797
74951
74018
80635
83244
81207
76516
76369
76405
78063
77398
77911
76069
76442
75474
74295
75340
75136
78685
75934
80156
76839
76804
78447
77775
75301
74567
75047
76909
77638
76217
75000
75106
77437
75957
76211
77550
76575
76424
75180
73483
74712
79258
75047
74072
76824
78214
75080
75966
82585
76388
76090
75724
74592
75745
74572
73869
75380
75104
79906
82502
77704
81939
90636
78909
74062
76880
75364
75605
75748
74183
75583
74769
75544
81880
78091
80544
88564
88734
85310
75577
75748
76307
76605
73574
74806
90570
95142
80244
75896
74776
75920
74631
74777
75553
75631
73830
76805
75101
86033
83574
79812
84544
75578
75758
74437
76780
76520
76242
77837
76345
110054
80238
81830
74881
77865
79090
75660
74922
75015
77836
75705
75850
77307
78485
76621
75242
74690
77427
75363
75854
77048
75657
76251
78251
82465
76722
84980
75457
77812
75351
75504
79637
76008
75152
79702
74740
73948
79563
87067
79864
75881
76434
76018
78128
102231
98405
