83644
81282
81880
75929
81750
75699
74289
74943
76215
85331
75712
80383
78112
73901
74248
92990
86260
89834
93886
91393
96265
108999
104496
79745
96295
100019
94681
89691
97654
100304
103051
93716
78078
78083
82060
77940
98131
88917
100179
96908
91596
104151
115278
93230
103131
127383
84548
112533
111639
91349
75487
93036
78054
83795
75417
74172
73023
77197
77147
74293
90328
75268
76242
76931
75274
77736
78913
74190
76402
76421
90444
79727
82044
96385
86842
108041
79391
96181
78566
82852
75450
75762
75388
76629
75495
75001
74595
76565
103494
85847
89816
74133
76221
82887
81907
107058
81969
76348
75218
75569
74401
108571
135542
145560
128046
97819
87667
74433
73903
77683
102927
141096
124140
151514
134429
97709
98898
77445
83304
89538
75573
105370
79004
80135
75279
75785
74953
75190
75185
74480
75064
77557
85624
83360
76188
85340
81329
76761
77805
76750
74149
74598
87032
76267
75303
79140
79444
87751
75007
74034
75890
75293
90912
80982
78020
75373
96896
96481
91829
92723
76003
75225
86211
77793
89595
77291
82080
83022
74961
75162
78905
103384
79044
77723
81030
75996
75489
95708
79624
76033
75959
74924
75610
98178
138875
154050
156159
139074
95373
92358
80901
75421
82938
105645
108740
85335
103124
80952
74200
78373
