77085
90090
86661
79315
75350
74801
74032
73192
73965
76286
97348
86443
85688
84264
81781
80448
78344
75592
72920
76961
77831
107582
76788
79489
74077
77443
73364
76219
83052
78565
73029
104389
74810
81684
76046
78308
110841
77850
78805
93844
74403
84294
76293
72982
76365
93795
142405
154051
148293
92895
87395
77478
83773
107710
118772
115764
99738
94434
127522
88811
76797
73150
75205
120655
77698
138000
120569
109520
114800
86534
87237
82273
75306
80024
86771
101624
114894
92982
91703
111233
115776
92755
94871
100220
81409
78995
83984
91717
88800
85319
98607
78093
111822
96475
76665
75344
79205
89362
79036
86763
79831
90346
83484
94950
102439
81630
74885
81968
89573
93181
78547
104396
91471
104921
77210
77488
72292
74437
74341
85158
81399
76185
77207
75360
74554
74015
88346
82614
93899
80553
106747
104777
100044
74751
88321
75317
77954
104977
83378
80545
75380
75934
90111
107582
120542
128281
116903
91896
96350
83911
75137
80725
109397
98263
81661
88715
88694
80006
81472
78951
75224
77387
102246
97497
94623
103491
88621
84100
92404
76190
78500
92272
89162
76717
77993
75025
74054
106858
89168
82690
73599
75126
75536
73605
76315
73315
75444
78468
73436
74595
73277
74875
73159
74911
76211
84574
109847
116514
85747
79799
