76656
71004
71360
72149
71816
113029
73499
103969
74201
73211
85118
71579
73750
73534
70819
78222
71144
73958
78537
79367
71334
71644
72536
78223
78926
76319
70782
70680
72965
74001
72496
71751
77094
72771
71409
72643
74534
73257
70949
71799
71624
71541
71188
72365
71540
73709
74142
74224
71998
72709
86338
76590
71461
72194
71083
70940
73761
74024
74506
70878
70638
71721
72995
72885
71523
74093
72288
72670
75834
75818
71354
74499
74906
71147
70822
72390
78506
74123
75575
72225
71868
72681
71804
70896
70842
72426
71960
72050
71480
72693
78072
72758
72355
71780
73203
70935
71089
74928
72351
71184
71385
71497
71940
73356
74958
75556
75572
73056
72631
75865
72825
73519
73551
74868
73683
71726
79190
84985
79354
74261
77507
81215
80695
81886
72704
72075
71636
72383
73839
73747
75308
78288
79437
71864
74707
71823
71629
72236
73228
76389
73654
76092
75609
73165
72480
80015
72696
72749
77107
84170
78414
71660
70969
71293
73549
74570
72036
74194
71504
72630
74502
75955
72806
71802
71898
73445
72220
73962
77572
71441
70887
71673
73876
72630
72103
73084
73569
72863
73609
71768
74186
74745
78196
73435
77343
74040
72174
70612
71386
71458
72187
72971
71815
73362
72890
80809
77823
73891
71123
71114
