69839
71347
71308
69248
70034
69429
68414
72450
80496
70777
70011
69869
69615
69934
67960
69560
84566
68932
69041
69536
68482
75741
73152
76291
70620
72411
69911
79542
75458
67879
69974
69449
68480
73788
68762
74792
70352
69416
68977
68660
76827
77156
70274
68241
69647
69128
70533
74685
71456
74852
68862
68272
71790
69931
68736
68403
74393
68315
70552
68455
69389
68660
72615
72352
70209
73645
74176
69332
74638
68133
68177
70978
70854
70422
78121
75474
68930
69783
72220
69448
68446
70728
68626
69634
69458
71427
69370
70277
70011
71067
78397
69412
69411
68223
73097
76032
69438
68290
68361
69570
68530
75194
76138
69295
85735
82388
81198
74272
71930
69180
68648
69500
75605
80656
71892
70184
69446
80683
70975
68378
69945
70457
68817
68558
68807
69907
70894
69092
69494
71942
69821
69536
70675
70291
70127
68444
69806
69415
68713
70791
70001
68496
70621
75516
75418
70643
71249
69764
77049
71621
72253
74224
68663
68514
71442
69592
72817
72257
77825
76639
73190
75411
70868
70122
72094
73426
82409
73050
70529
77837
72489
92256
86575
82067
75597
70413
76202
71013
70622
70584
77792
79122
95899
86294
86579
74940
70274
74509
75135
75814
72056
71943
74254
73772
81106
76436
71797
74719
83196
94666
