81617
73478
84985
85530
69625
68608
68791
70229
68190
71148
78720
70054
72566
67920
68943
67821
66845
68237
67472
70461
67147
69301
70271
71095
68743
67949
73514
70240
64730
69882
69160
68270
73979
70395
66507
73117
72138
72753
71469
71578
70427
70652
69639
70144
72345
75453
72687
68396
83091
76488
68460
73051
73726
77302
83188
91306
114403
126165
98149
102256
113591
93754
111548
81469
73398
81918
89647
84695
82990
67475
73390
78733
88038
84387
82972
76144
66197
81875
94237
80138
68829
85035
88483
68148
67851
82148
84611
77694
79604
78141
73101
85645
68256
83652
74089
77178
66294
74640
71048
66843
73853
92822
77523
69304
85586
74325
69933
68927
78583
87560
71603
76003
81941
70418
99128
75928
80598
86393
87808
92690
67917
70745
67903
90631
73399
81325
73148
69710
66379
65646
67498
67420
67358
67729
92035
72948
69917
68029
69757
66669
66573
69064
73091
64548
64976
69814
66567
67038
68764
66781
66497
73853
71116
66255
64611
65849
71290
67062
71838
64680
69119
83200
69169
65763
73719
72926
65521
66807
67565
66841
77732
77873
72349
71854
67355
79674
77595
73206
70563
84414
70054
66116
65635
73100
68301
67497
65020
69128
66349
80099
70425
69627
77071
78716
69211
66119
71075
69885
66346
65725
