32364
28796
30466
28654
32615
39648
41385
40465
44341
43036
29762
34192
31722
30288
30167
31629
36956
29273
34946
40200
39621
37915
31626
34873
39450
41049
39252
40313
39620
44488
30529
32862
37515
31260
29721
36151
42129
32466
30508
30393
32661
35083
32986
31841
34148
31895
41081
39594
35814
32324
35171
38018
34334
31707
36071
41466
31646
43434
43738
40058
40860
54920
30234
30004
31138
30744
39018
41616
32123
35189
48491
42998
44480
44261
34432
28954
29072
30291
29296
33197
32977
34168
33258
31550
29616
29000
36293
35145
28798
28572
36782
30920
45972
36522
30857
29707
28976
33735
30350
30712
29394
28897
28660
29149
35087
36991
35441
31998
30405
28703
31568
33963
38190
41393
38304
40169
32442
29563
30708
34755
38420
33777
29351
40095
37929
38110
34151
43048
33734
37152
38067
35699
32508
40421
32067
33809
36532
28986
29072
33397
33741
45528
29472
31679
29862
32364
38427
41843
47115
44287
39992
41268
35839
29604
29638
31011
30461
33285
29418
39323
53796
29637
30224
29328
35241
41950
39089
43411
37762
33612
43767
36177
42310
45510
29589
33299
29002
37655
36642
28984
29957
31818
33645
34667
30623
36132
41652
41793
42510
36390
44183
38294
29987
28873
28630
29730
38430
42805
44953
45321
