82926
77666
77080
75845
78829
87161
73269
72843
79032
75180
76053
69854
77454
71021
71389
86134
71959
70509
73285
79190
75163
71417
75585
78495
71223
70957
89277
72850
71520
81464
85249
79116
84891
81929
73778
70066
78969
79499
73071
74079
76848
74850
73862
70853
69956
70670
77249
72085
81329
83301
81155
75698
72390
79198
77240
72157
71861
72416
72771
70962
70372
72698
73553
73769
72782
72378
70952
71394
71467
74487
75000
71311
71538
69906
70934
76971
71244
72399
75160
71842
75815
74077
72221
77374
82171
78597
86163
73603
74883
74277
79394
82648
93166
94009
81093
71506
76745
82938
79732
76988
92652
76754
81519
71719
74918
98174
76775
77294
79567
81838
73846
79577
72616
75735
76138
82995
74073
72552
72792
77444
74869
74880
82936
84966
87712
77900
71634
75952
91000
76863
87617
70275
72005
70759
71512
70317
100918
78481
71453
73684
71446
86725
76629
74641
72549
78844
85429
76744
76694
92166
78985
93931
79593
70996
72994
74052
76773
76466
75451
71700
75372
71560
86306
86333
72087
71873
77230
73767
80861
82282
73578
74334
74742
72171
74691
77410
74552
69250
78431
76234
78519
76402
73134
73403
75998
68900
71898
78557
81016
80922
87309
71183
76339
81139
75849
73788
71686
74117
73973
71151
