59773
61420
59764
50301
42690
54555
44468
56697
42310
42700
41795
42004
43123
44218
42236
48974
45788
62872
54056
43048
53655
53264
49428
58387
54344
48127
65127
57931
41270
46217
48833
47359
42057
42113
41249
42967
51931
41740
42396
56337
44456
53975
44419
56016
54410
60747
55995
41490
49139
58818
55440
45558
54326
62091
52349
42144
51835
50928
47259
56753
57533
48037
65345
43168
48879
55413
60155
59019
50017
45851
43774
43586
52421
60996
42470
53309
59858
62071
57951
44287
42609
43212
58066
57833
58649
61006
47668
41844
44721
51477
50701
52744
52085
71165
56861
55705
43497
56460
46052
64464
50330
42849
51329
69193
62406
55674
60214
59070
72433
42179
46067
40910
49306
51036
59484
42607
41731
51208
45408
47324
46584
50486
57307
48203
53038
43373
46971
52063
55391
42486
44658
47288
42456
44974
42505
51361
59431
59847
52019
57644
40917
44057
42859
53463
46707
59000
56593
58524
47247
41645
53485
50753
43861
54652
49329
47875
52284
56323
49349
42591
41598
41985
42128
45842
60152
45082
45042
57938
53418
54970
56811
52886
41560
41241
49575
53104
53175
61225
48608
41572
41845
47508
56634
48790
41333
42695
41808
42301
42375
58963
45860
48731
48918
49553
58759
51862
47949
51117
42320
42738
