63451
60477
60552
63020
68708
67971
53769
56184
62552
69968
76485
59706
70033
69137
70420
67788
67702
66030
74443
61997
75103
62300
70861
61927
74214
69535
70815
80024
52930
55693
57247
72285
68920
54852
55957
53056
52930
59010
59706
71872
59427
64439
75431
54265
53634
64310
69176
60488
57145
58006
56036
64462
61077
55961
52634
56573
72814
71544
60857
97648
54708
78462
58431
55701
71773
76766
58675
56181
53480
53410
56757
70281
78492
74898
62560
56977
71781
54683
51040
65623
76377
56616
56474
73841
73212
66738
67516
59034
72824
68268
75406
54063
71322
76519
76736
73751
69904
62716
82159
66311
59908
54598
61145
56961
58033
71943
56416
62578
57673
52664
68808
106448
68167
72181
68493
67101
72314
82642
57374
71092
56912
64226
65897
70740
77016
53774
68312
61450
75269
69741
73207
68980
74827
58188
58688
60816
53529
67043
69138
62755
62462
53356
52885
52787
53279
53664
56109
53787
57153
62160
63452
53751
55651
67708
52737
52893
55355
53605
53290
52841
54094
74356
70886
74742
71694
64299
68721
65093
52036
60612
54847
60813
60232
54277
59123
78734
64851
56166
53575
54258
53538
56940
59885
62631
72135
65401
60359
62733
66811
69712
61693
55188
61573
71370
63853
74386
63108
68392
77362
65154
