86216
65495
76245
68177
62481
74788
68525
64067
65125
84248
65947
67029
64341
77674
72913
71522
79031
87607
71898
63177
62919
64560
62573
67772
81625
69799
78996
85415
78038
70366
62116
72621
77296
71008
76265
70067
76704
82174
65007
65242
64064
68323
68252
63966
75868
73507
77123
90283
63746
66524
71105
78169
88153
87844
76746
62345
63049
65158
63046
64189
71913
86428
70892
64198
69595
89563
80674
72913
62117
64169
65934
62986
64684
79150
81580
77686
64098
78513
68942
78345
70433
66742
81386
78496
77636
65466
64734
92706
88240
65973
73549
78723
82508
80854
77786
80619
66211
64379
66349
81424
82405
77479
66911
66157
81403
82592
64489
63509
66126
64244
75730
73944
79300
67930
72728
75016
82256
78458
87956
83950
81284
84659
95263
82460
81928
79671
80199
78312
74388
70923
68487
85860
84475
73114
67487
69059
77068
78859
85459
79769
63685
62904
66055
82633
77642
66373
84348
94558
65065
70371
73771
73459
64557
71803
75750
71563
85540
68204
73910
81243
72699
63936
71876
73077
66895
73338
80482
77398
79810
63458
65940
63937
69280
64571
64215
65087
63918
85695
83557
81328
84154
88961
85806
64234
67949
65950
62962
80400
68178
63968
67953
72277
76818
91267
65327
62493
65736
71065
77623
62945
