72215
77594
98162
96528
96424
80872
72206
72978
72862
74374
89431
88384
73489
72839
87060
87566
99828
81729
74878
84747
97404
95467
71487
74317
73588
78254
92383
94566
93589
74454
74547
74701
78622
81509
73521
88482
73674
86656
83577
78512
74626
91146
90067
75666
84082
73660
73537
92405
73344
95629
85030
86018
89248
87484
85814
80669
74227
80549
83768
92203
97800
94971
80560
80216
97342
96613
99920
83801
93256
102356
96559
72567
73975
88163
91710
79153
72653
72531
74430
72727
73495
76966
72166
71355
86543
85428
84858
84729
81872
84010
75109
72355
73151
85684
74235
76199
87388
92306
85431
86033
90442
75502
91657
91154
84632
107433
93000
76397
76209
74690
91039
86359
92720
76298
86036
84662
73962
81639
73067
73639
82895
85985
93359
90170
91413
90148
73757
90576
101316
99410
99702
83034
84976
97179
91294
83305
88686
94431
97179
73263
85311
95133
91450
84670
72483
73395
73828
73446
83661
96358
114626
82009
80784
96226
79022
90563
78406
75882
73201
76728
87005
101731
83921
74862
73795
77135
84335
86340
99283
85405
75250
97510
101523
86373
71762
85502
88758
75852
83651
103760
82425
82389
88394
75600
76260
88359
95087
89887
101532
85117
86967
88728
80734
76037
72065
78222
77266
82997
88749
90495
