102814
102008
92241
107814
90252
81157
80975
88364
83646
92001
85106
113885
106828
80888
83349
92192
81476
83351
83513
92900
97379
79196
81970
81134
80026
80183
97969
110985
92731
83633
83382
108403
82080
80229
93024
85949
99283
97109
113577
81491
84358
102011
84589
83292
102056
88282
89687
98682
97022
87354
93793
89317
97740
101161
97572
105612
94346
82742
104805
82555
98169
99108
104468
99293
93219
85821
99121
84184
81275
84096
97095
105339
108217
97354
83202
80197
103471
94308
107648
89495
87550
112196
99119
112034
108232
110309
88278
100323
105372
82852
82248
86864
103879
107350
98045
107448
102138
101858
95828
85282
103516
87474
127091
83252
100235
113719
106668
90248
87923
86028
106035
105378
98116
90836
87843
95078
110635
113237
114043
91168
90975
95081
104666
109650
86791
106159
96848
79887
86388
87570
84097
98128
83732
88839
89610
82431
96740
98319
106873
83623
87409
103921
84819
80158
82897
83394
85858
110593
107256
105234
104535
93928
115651
93485
110346
104487
84101
83736
84623
99003
99792
106180
91673
81957
79826
85210
84986
84268
96204
107052
109313
90429
96788
83157
80241
81059
79545
95810
88765
84868
91741
107585
100012
108544
111621
81170
103855
101323
100413
102306
89114
80558
91423
85077
88462
91999
97069
103024
87150
96701
