99640
91891
128037
91049
117020
104602
119988
104681
96558
108297
115418
116825
123300
87877
95020
111838
102425
94695
95666
118540
106521
112800
104276
119060
112086
135757
95343
88716
90657
115537
117654
90976
100878
90274
96500
93281
97239
110950
88331
114725
94370
98435
97991
88688
125347
95537
147647
90160
90294
107838
115055
109796
106698
92829
98567
116023
94869
102871
120916
118122
98988
109968
119667
105744
87107
89476
94364
102680
117803
128678
95586
103679
115901
98512
94997
95679
99539
118698
112783
112584
118540
108638
90260
87003
92007
98629
125139
93060
92522
95020
113797
104452
103506
108780
112577
112461
109468
118380
97508
106486
94588
87041
87533
92430
111993
93246
90080
92116
112583
115704
118133
120516
125278
108472
114704
98159
89250
108236
99594
96105
101855
109699
107532
113176
99524
88061
101138
105140
106772
92248
98730
103623
110267
113976
98086
96167
108494
89047
99777
86488
92680
95245
95594
88111
101796
91897
87802
98914
88117
88359
87835
87765
85177
86044
96537
104178
87753
95773
104172
110405
96711
98325
105412
87314
106209
86775
87482
102522
99450
94735
90989
86296
92734
96472
88588
108241
106124
86844
86102
87991
87044
88997
95518
93789
105440
87978
88939
88106
93838
93480
91410
93787
112783
103480
100645
96095
94412
101541
87792
88016
