95527
102396
95938
91110
115111
100812
92435
94042
104394
113301
115641
95821
93487
100889
97454
92200
91767
92773
99695
96721
103498
98701
94776
93453
93896
94727
97042
93848
92682
93056
96342
90820
92872
102423
99771
97489
96302
105083
111452
93000
96094
100036
92357
100704
105941
90629
92494
94944
107472
95523
92005
91612
92599
95974
91260
109930
108897
101026
96968
95955
93907
92637
104553
105569
99448
104480
91359
93137
92205
92324
92089
94090
90594
100662
116548
109030
98503
110217
92540
93789
99768
94064
92667
94331
102956
91837
104227
96584
92818
93675
95300
96514
94913
113798
118783
111826
100973
94299
91898
100438
119297
107562
98858
106545
98042
100552
99805
92585
93424
92831
95703
92235
104105
92046
92820
94980
92371
96874
103073
93445
96018
99237
91795
92408
106146
102028
104397
106780
101306
103834
93300
92792
93223
99107
91633
94907
113188
102558
95624
91161
99770
95264
95072
103784
114396
98494
105529
98234
106227
93024
97876
93691
97677
94354
92999
95731
94434
112314
103301
106399
96241
93218
97715
92652
94225
95558
93581
96478
99478
95495
95155
92619
112587
97820
92439
102527
104511
101599
95500
95253
95552
95723
91282
93018
93230
93217
95693
99725
116218
96257
93345
91515
96637
93564
103118
111443
99584
100217
94517
93250
