16005
16391
15746
15652
18779
21494
22927
24227
26354
20694
21108
18029
23289
23217
19626
16132
15909
18198
15616
15676
15533
17666
22976
23396
23028
25037
25423
33880
16385
17430
18840
15109
16612
20276
18401
20570
25575
21793
16035
15338
15296
15815
14834
18961
24029
23520
24053
17746
14998
16249
15561
15266
15166
15377
15085
15146
15106
15898
19969
21578
19492
15763
15616
18024
21016
21080
21811
22278
17937
19559
15036
16626
17635
21653
15691
15373
14736
14805
16128
18379
15011
15740
18671
21963
20748
19070
14818
14883
15810
15594
15443
15519
15745
16388
16799
15339
19162
19983
15730
15002
16641
15005
16019
20292
18094
16013
14860
15412
16239
15491
15574
23912
15428
15125
19402
23296
21452
24740
23905
22825
22493
23398
22953
25048
22595
18613
15077
20124
21739
19696
18600
30783
16620
16366
16081
16483
23852
24186
19834
16458
27833
15678
16076
16504
22548
21867
17703
20839
20456
28289
32248
24358
17515
32819
32949
20739
18595
18839
28914
16992
30565
15008
15320
14934
16827
23547
18248
21952
21971
23042
22269
16409
17391
31771
15003
15216
15762
16484
21300
16452
22128
24038
22429
23203
23532
24294
20818
14789
14863
15324
18018
20975
29109
16433
16440
16692
15378
16040
15455
15316
