96521
96949
97159
107749
99977
96729
110331
99617
98243
96362
100935
97084
98550
106592
106920
108275
104780
116439
105286
101723
99883
104118
107560
97502
111651
99210
101404
98217
94398
94767
99502
118578
106254
98040
109730
97848
111587
102613
96237
96997
93275
118268
111507
108714
102050
110143
98998
99146
106952
96463
116251
105619
120006
123585
111915
96370
106590
119760
115724
97332
97436
97967
122298
113092
101166
99689
99239
99778
95264
104213
103194
96141
100319
98415
101988
120797
104580
96916
96887
108314
96541
117752
99836
117784
116441
114677
113662
100588
115016
93845
98104
103603
100304
101263
93982
128565
134596
100194
113108
101302
109656
100681
95057
98171
97049
99380
100961
96701
103176
116034
125553
109232
128849
121663
108283
126371
105393
106806
108969
95129
97510
96791
99018
96165
109495
109337
108517
103594
96124
96355
100719
99436
101714
97695
97290
95340
99011
101073
117276
101913
98223
108294
96355
105087
98960
94441
105484
121632
100503
105286
107847
114398
99350
114539
105291
112280
100953
97803
96735
95115
107473
101737
120302
100558
94351
118295
96373
95482
95765
95603
96361
94380
100575
103769
96350
96377
94427
100059
100267
113876
105812
95587
96779
101020
92931
104982
101423
108674
98642
110150
97108
102823
99960
101271
104297
110979
117843
97141
100070
98738
