99112
103949
116160
112406
137147
163149
142950
141073
138963
137874
135007
162326
149865
142621
173359
147224
147231
137278
143176
185113
163592
163685
129589
121839
102808
156607
143020
139102
137196
135690
138680
140869
137659
138465
136940
166536
140212
134383
134017
137401
145872
139278
138556
131429
142598
142714
140802
129563
138115
139736
134418
139916
130048
140798
132760
135835
136185
132397
129918
138594
146189
129344
129222
134843
141582
132145
131832
136752
135122
135263
130869
139413
131469
136315
133645
139530
135655
138371
136886
135690
132490
136709
133295
136080
136984
138691
138743
131682
145199
132750
106272
113465
120644
100049
99498
114528
111671
108532
136487
132227
131178
141120
134642
129528
135769
143906
137817
146932
98571
111795
105286
107896
112462
145558
136362
136510
138385
136312
134694
134655
144909
136646
131820
134248
141778
141472
137727
138428
132804
133209
139799
133212
132426
137490
143977
132722
135699
137032
135049
128969
131310
138200
140791
146304
129327
131336
130603
130329
130824
135350
130082
135553
144072
131352
137591
130787
137919
127482
134167
136410
142277
143267
139154
165435
118302
117726
105540
167053
115942
105936
107817
105192
115461
108254
100022
123742
112834
109298
101007
123830
114546
106827
102335
123652
101831
103708
100733
112026
110256
103272
106104
111445
107482
100259
102520
99986
101610
104997
104517
102270
