101737
102936
108720
108081
115113
101416
97588
104248
108222
137527
118365
103117
105837
107850
105461
102779
108240
115079
115830
108005
99310
108883
110358
105439
102350
104067
105456
121838
108250
130493
110740
106912
106637
103089
115452
100515
106325
104327
120034
103527
100541
114206
103678
113749
112364
108009
115123
142449
104603
99293
107936
98655
107863
102153
117011
114183
101868
111713
110019
103400
101791
104931
108361
114898
104782
106895
106930
109733
124691
115595
121254
133826
125569
127610
106304
104361
103262
113414
107214
103517
110398
104202
122607
114606
102546
103031
102771
110928
120434
117616
121519
101566
102753
107705
100320
118854
140787
102942
99656
98959
103420
104869
104268
103126
109291
109712
102501
100818
106631
112356
104508
104746
108828
110321
100556
104673
104939
104764
100666
102119
122669
106800
116034
107562
103495
102092
102080
105143
104479
101224
100961
110332
126667
114466
113289
108731
102832
103294
104494
103503
116711
117467
115100
127908
127118
108310
105389
110944
118613
108834
118606
124021
141343
137431
148542
145675
158346
138678
158945
167054
108897
136882
119410
129006
107049
115424
113166
116171
110623
118486
113371
112343
118046
106662
98311
109592
124832
106905
103370
119927
105517
133298
142633
111192
151568
167172
131265
102368
117313
112521
133642
133272
173448
145923
157001
113775
118421
128950
140785
113036
