134788
135337
123015
203523
189017
159266
139206
119815
132266
141180
109250
113838
117962
115021
105968
126090
106729
116617
120509
103830
101838
142734
109144
116228
103672
117827
194874
136186
127376
123489
131657
115225
114310
141740
109702
111125
113628
109437
100859
124744
107557
113842
127122
169867
161420
110387
113259
102552
105538
104582
139247
101841
134409
150365
122323
109881
109234
113194
115597
133804
143285
132447
118236
120289
105484
105246
104834
116278
107570
102919
106871
125754
155500
136342
121788
120574
111777
108017
119707
136098
146956
127127
144946
109654
116078
101537
103893
101968
124546
143824
115538
129320
107302
107931
112362
105631
104556
118145
140160
127163
109236
110044
108819
116618
104070
121810
125403
111383
102355
111489
104177
104995
130921
142741
134402
147527
125571
103130
118425
100411
107383
113426
133102
110896
128481
116153
113756
109864
106087
104177
104207
102990
119171
123645
113382
103172
103112
103763
113809
109475
112114
102207
103836
101069
162086
102853
112403
137608
109535
111093
155633
128742
110068
101402
102179
114979
100680
104436
101705
109002
101021
107348
128311
108148
106686
103749
110529
106656
107626
100570
107481
123252
131815
107109
122471
144098
141255
140996
138681
154253
139491
146143
140508
136653
135388
139178
180750
145148
160101
100468
102964
132694
129619
102413
106033
102454
113650
143028
137737
141792
