162386
173569
161561
147139
159540
169061
158798
162467
139691
142715
106995
104590
99101
100957
105912
103997
102036
107586
106320
114439
102268
101655
124993
124549
100517
103956
109901
119058
111123
122667
107068
101658
102992
103701
111315
102025
133648
109074
106742
103044
111780
117091
101834
100145
100872
100840
100193
109625
99861
103806
102227
112026
141990
116418
110690
117308
119372
101653
109417
143722
115111
102138
102377
140407
109663
116491
110079
105726
121173
103300
108649
109444
122696
113354
102816
115839
113891
117275
105912
103184
110719
118573
133947
113349
107949
103824
144495
109171
138929
120604
98582
106242
103115
107880
108609
103280
101668
101556
104081
118418
139714
133662
109785
125002
111314
131161
117635
107189
114037
114436
110056
132834
105514
102114
134040
124877
110004
101343
103545
103382
112767
130394
123253
129252
134492
117136
117175
115897
131402
106754
116372
127981
115264
104206
105171
112077
113320
117594
106885
104625
124083
109629
115565
120301
123215
111136
107027
102881
106832
107472
102240
102331
100592
110272
118739
115262
115407
106674
108246
119028
108274
117684
109351
127306
112007
108661
110452
105830
101181
142347
136117
162652
146382
157037
131946
130188
130642
152474
131772
147631
146819
150606
155841
150751
113337
100515
102129
130391
114627
100779
105825
107216
144924
158579
152259
141793
131469
112091
102786
147103
