156270
96931
103921
105699
116460
140426
170362
110010
97540
106275
97696
101548
103391
117134
127278
150452
166559
171469
123932
153488
105333
98787
100386
110404
106913
102701
134999
115689
122589
137866
143824
101528
111157
121006
121273
126941
123521
121647
101047
103955
100097
100667
110298
174228
142328
131106
156626
145096
142766
114316
113597
128062
127378
124194
102604
127972
130780
102845
107297
109862
105403
99785
120160
136326
137746
129688
118988
137724
142401
113576
100335
119314
137567
120609
102801
136558
104495
130265
103736
115785
124842
161622
152726
109916
102478
124060
153030
154903
161236
152823
123203
127210
119574
111607
122178
102053
101003
124013
127634
117664
98868
124035
128214
114016
101865
125801
115626
109934
114306
100272
98336
114180
105849
107838
101417
98879
99140
110838
105132
100911
101294
99078
98513
106414
108409
117653
130679
122292
116784
125009
121354
97936
99525
106785
97110
100785
98454
99081
99802
125396
101798
120570
100536
102972
129505
114550
111772
102793
103311
100713
104405
117275
113567
103467
107016
103104
99917
106522
123478
111383
103657
109101
133120
118658
115971
104139
118519
110522
102283
116251
125896
131138
101579
101592
104174
102293
100280
99352
101186
105285
125769
110861
113952
103875
99031
118381
117046
102332
114335
103970
122170
135897
106364
131123
124337
103842
99528
101654
102948
112206
