103004
116661
117012
105565
98144
111896
121582
120914
124720
109792
95313
92721
95553
103766
94996
121920
104835
132481
122286
96736
105271
115261
108218
111213
103523
114659
104623
123490
110831
106143
123291
105208
118365
114006
111363
108366
97194
99753
96359
104731
116065
116609
135413
134241
114628
102052
117513
97303
107330
105577
114504
120072
108812
106410
112841
111139
105771
108690
106372
113945
96348
117454
99567
113243
106675
137717
106457
94535
102282
113718
117716
114011
120779
106002
99917
117597
113910
127300
120482
113379
115747
109806
95369
100606
97571
98198
101655
140498
129891
94564
97610
95398
119195
97221
95175
132272
101142
101946
123081
96075
102408
102749
99897
104015
106507
103153
117191
113275
105183
106845
117122
106594
103299
117092
97733
95882
95300
97375
136444
124961
131600
96037
95402
94275
99764
99398
97423
109079
110549
100885
96423
109629
93911
102128
104941
99022
96317
95358
103216
103212
122104
123149
108833
145890
120683
105431
100020
105254
113379
105241
100431
118874
126192
104399
97000
101490
96822
118527
169709
141061
110249
104870
117052
118979
98389
128769
106680
94929
100996
116258
106091
98994
101767
102809
109327
146050
117333
104915
116277
99011
98742
127155
110700
95969
99491
102921
102992
102599
116165
103484
100743
135256
140757
130133
140180
142039
126455
135427
126964
99219
