103952
128276
124819
127354
125018
129303
139060
125977
122844
119569
125429
126551
129123
123377
109333
93563
106725
91434
90715
89862
90593
91312
92209
94387
93924
94351
88749
92271
105262
107263
122829
114431
89193
91819
94714
121733
98173
109855
120441
97989
95842
118650
102497
92705
98034
91210
93403
90456
91565
99926
92830
90909
89772
90932
93791
94598
95622
107458
95952
90708
104813
95667
95888
96504
136136
145578
143095
126768
139471
163357
161128
130953
163590
173451
107310
120559
112756
105014
98835
149793
190904
133604
132649
128968
133974
178387
159979
131273
126265
143304
136071
149318
151678
153418
152107
128656
129138
150577
141665
135827
140322
150074
140804
141038
137652
134840
134234
133135
144279
151769
154910
158955
134244
98972
140778
121522
106102
133197
111274
132971
102676
91564
100466
122759
102031
127106
117212
113588
110903
101039
120155
141693
138570
131596
130360
126585
137462
126534
120635
126421
131525
138468
124820
126193
107827
92239
120817
134709
132118
130741
131308
130532
133505
135877
131757
140509
141238
127166
172098
102967
118164
94226
115747
137246
149401
143929
156334
142032
133708
127030
148879
149985
149524
155688
162371
126380
135496
132189
135120
124930
98880
105502
95892
92896
93906
109405
119081
101213
111029
113479
93631
115973
114783
109992
110063
108998
115473
113587
106812
100187
