82706
97447
138096
131256
115869
92757
106093
111304
103782
94525
105528
104252
103150
108726
108620
104310
115252
106184
113420
104434
112744
107865
110754
104529
95008
107522
97412
90105
103439
100390
98771
92223
112495
87872
117090
120088
109112
127877
105198
106207
101870
117817
118406
112636
103799
100421
97784
103754
101747
97849
89094
97866
122880
103698
99931
88385
93199
122539
93954
107726
89121
115673
106072
130702
89653
108275
117872
113951
112377
100465
103780
85725
99767
103675
85822
89694
91227
104308
91856
105797
106047
85647
95270
100156
95872
88560
108715
117898
119719
120764
93204
114562
112617
99517
93939
94027
113448
111679
118120
112156
97315
85978
83495
103276
91444
101792
86535
90735
107776
116558
110722
111212
107624
96111
106766
100847
83851
102318
95759
89870
103524
110526
115926
107644
86293
108444
87719
114007
105250
96600
119239
94029
107413
114019
106466
111537
106172
112834
98916
96409
104723
117428
105722
95722
85965
138223
92851
103683
98805
88720
93891
88466
100989
87044
86130
103392
86973
92971
137403
98288
113395
85904
98754
95103
120837
105857
86552
91015
118280
100590
90277
88101
101218
93165
126083
90187
128099
102521
84905
89262
92980
108136
100727
91123
88293
88852
102503
85404
98863
110269
90448
90911
86906
88207
95920
110713
136576
89940
108831
131807
