89003
92174
86122
78657
78537
80071
80739
92488
84789
81800
77837
83819
86505
84623
81515
85978
92315
89788
84777
84967
85460
83999
108763
78590
82590
84646
83508
83277
80083
81326
81978
79874
95765
78802
85820
85156
77944
83181
83496
89964
83315
86749
88751
81817
80525
80678
81985
101608
79684
89546
78023
81782
80311
79470
81679
81772
86728
87917
79689
79663
81294
88549
93805
79173
89846
82394
79764
88133
92327
88201
79863
83813
84737
77072
82201
79258
83926
80872
76603
79838
80189
78420
79390
86228
96672
84031
101149
78419
85998
89661
86784
89985
122854
79852
81882
89563
82491
100459
89387
95068
82242
91909
84522
90346
92878
85331
93600
104081
79621
78147
79502
80478
80365
80880
86864
88882
93800
90318
99477
80925
81287
77500
81159
77371
76659
79865
86178
81381
80223
80958
83917
76353
79037
79351
80921
79136
79664
80265
77620
76936
77907
77194
79168
82049
84834
88640
101709
101735
95567
92788
80324
85878
79026
80862
80853
86729
81897
80240
77914
83299
86950
78105
78545
89349
79653
83123
80105
80026
84774
91181
78620
81881
91862
105360
80063
79611
86288
77843
85902
83424
100245
98743
95494
78882
85007
91990
96290
82789
79624
86340
81871
95654
79839
81344
76505
79134
77532
82984
82713
89249
