7625
8573
8426
8184
7947
7734
7782
7701
7606
8331
7637
7554
7638
7872
8159
8103
7473
7626
7895
8464
8117
7591
7527
7713
7588
7634
8431
7913
7892
7922
7563
8517
16434
11041
10513
10629
10867
10731
10478
10555
10312
10642
10472
10624
10528
10613
10572
10658
10647
10622
10628
10454
10429
10411
10222
10485
10291
10741
10203
10689
10465
10444
10880
10431
10595
10558
10355
10475
10561
10531
10745
10935
10348
10894
10539
10727
10314
11062
11485
10547
12654
10824
10690
10486
11457
13205
10464
13025
14433
14230
14859
13645
11396
10775
10662
10329
10697
10764
10606
10572
10589
10797
10622
10397
10724
10263
16102
10720
10518
10588
10481
10224
10525
10734
10624
10523
11472
10457
10603
10703
10784
10744
10655
11180
10433
10624
10438
10322
10479
10217
10504
10638
10781
10811
10522
10861
11198
10909
10707
10720
10505
19739
10492
10640
10617
10611
10514
10547
10575
10556
10564
10534
10490
10313
10339
10818
10672
10440
10733
10826
10488
10740
10561
10483
10659
10468
10492
10265
10660
10244
10480
10301
10386
10547
10532
10533
10336
10578
10646
11360
10706
10740
10154
10235
8059
8087
7609
7674
7766
7902
7384
8026
7679
7464
7680
7732
7412
7609
7661
7754
