29473
31116
28426
29169
28944
28485
28531
30089
29268
29887
28418
29190
28436
29296
29131
28444
30150
28473
29276
28457
28568
28463
28615
30267
29672
31674
32189
29119
28966
29131
29171
28936
29693
28292
29091
29270
29536
28671
28674
29054
28454
30033
35101
28375
28615
28620
28966
28360
28481
29632
28819
28724
29350
28559
28916
28841
28956
28699
29540
29785
30943
37122
30396
29707
35090
29348
29452
27585
29132
32309
30677
29938
37343
28852
29250
29024
28384
28903
28812
29085
28810
28848
28527
28619
29058
29137
29040
28932
41973
29638
37408
29962
29622
29472
29014
28965
30807
32037
42901
32430
39772
29586
30571
31071
31264
30207
36740
34952
39540
47918
43688
39697
45136
39678
39835
44891
42215
39913
41538
40390
39832
40880
48698
45904
41768
39820
40019
40154
40330
40871
43703
40059
41287
40366
48670
39571
40005
40073
40237
40025
48771
46312
40859
41292
50196
43920
31228
33684
28930
31968
42041
37935
32632
31126
39925
40577
40373
40881
43234
45017
41993
42640
41973
45138
38848
38466
40302
40032
39170
40077
40008
38798
39096
42020
44822
42207
39176
40006
39083
43639
47637
44264
43855
40172
39381
40875
42054
39441
38926
38942
38853
39531
39195
39327
40730
40500
41718
40331
36866
33601
