12486
11426
13445
10920
11307
12803
12779
10868
12002
11486
11976
11794
11104
11474
11100
10869
10911
11033
11076
11106
11782
10838
11013
11079
11114
11066
11424
11016
10899
11072
11534
12516
11299
11060
11112
11328
11434
11047
11218
11153
10985
11111
12314
12783
11486
11513
11511
10913
11046
10880
10968
10832
11554
11288
11420
12682
11126
11017
10864
10943
12288
11211
11572
11152
11050
11050
11808
10970
11331
13777
15025
11733
16735
16777
11190
10923
11388
11315
11253
10990
11870
12402
11742
11042
11600
11052
12283
11294
11080
11149
10959
10958
11125
10978
11204
13746
12071
11645
11837
10958
12007
12507
12120
12124
11109
10870
10927
11044
10961
11054
11393
11010
11218
11528
11155
11488
11235
11163
10692
11604
11202
11415
11699
11103
11191
11460
10860
11570
10968
11321
11074
10925
11074
11099
11306
11026
11333
10894
22246
11356
11462
11045
12238
11844
10853
10769
11191
12072
11482
11234
11084
12387
11340
11058
11226
10991
12732
10941
11159
11349
11339
11241
11562
10969
11054
10763
11213
11957
11452
11107
11490
10862
10945
11171
11017
11083
11014
11750
11220
10849
11026
10901
10971
11313
10975
11036
11042
11035
11572
11015
11002
11138
10866
11029
11269
11306
10760
11022
11711
11512
