13999
14232
14376
14210
14351
14120
14065
14229
14489
14496
14131
14623
14081
13984
14220
14376
14318
14146
14517
14301
14299
14478
14494
14550
14529
15006
14279
14558
14535
13985
14090
14167
14450
14187
13960
14280
14256
14394
14695
14305
14219
14339
13970
14347
14316
14319
14018
14481
14499
14167
14662
14339
14909
14420
14170
14207
14352
14027
14621
14169
15812
15505
14180
14415
14117
14725
13958
14071
14626
14607
14912
14251
14783
14725
14091
15083
13945
14241
14682
13908
14108
14135
14523
14567
13811
14848
14553
14030
15704
14540
13968
14211
15448
14794
14501
14122
15421
14168
14535
14329
14427
14531
14476
14018
14360
14283
14614
14347
14441
14598
14622
14383
14229
14536
14669
14188
15179
14295
14325
14448
14672
14245
14829
14735
14244
14527
14407
14562
14466
14574
19793
15054
14411
14198
14928
14922
14173
15561
14185
14084
15185
14141
14599
14201
14638
14638
14151
15842
14184
14776
14497
14224
14052
14266
14601
14325
14616
14952
14062
14634
14419
14996
14240
14373
14327
14906
14045
15058
14538
14548
14092
14395
14199
15307
14242
14307
14762
14825
14520
15242
14180
15458
16946
20393
24712
17606
15175
14483
14261
14619
14092
14191
15267
14160
14225
14361
15414
15019
14520
14721
