17299
17586
17130
17230
17380
17354
17115
17085
18089
17296
17087
16803
18340
19923
17179
17192
17147
18159
17220
17631
20120
17280
17519
17441
20515
29406
21304
21627
20158
18029
16953
17502
17138
17522
19898
21663
18007
20382
19388
17069
17455
16959
17059
17085
17205
17219
17187
16981
17794
17067
17271
17387
17061
17288
17071
17625
16925
17335
17161
18110
18688
17319
17286
18154
19112
18857
17532
17701
20118
17403
17842
17291
17725
17078
18738
21886
17001
17356
17187
17941
17437
19100
17204
17424
17945
17028
17037
17652
16988
17471
16976
17403
17393
17170
17187
17480
17099
17560
19112
17662
17864
18892
17348
18703
17168
18068
17367
17144
17211
18394
18590
18030
21763
23035
19299
17053
17148
17744
18389
22437
24197
17111
20855
18439
17114
20527
18537
18057
16956
17353
16859
17217
17033
17513
17201
16937
17017
18103
17314
17385
17875
17229
17158
18112
17024
17468
17024
17145
17505
17012
17225
18237
17173
18388
19323
19984
19337
18134
19367
20331
17611
17189
20861
18310
23259
21571
17641
17074
17033
17661
20038
24782
22533
18465
18179
22538
18956
16963
17991
17193
19118
20677
18183
17683
16980
17201
17809
19945
17315
17477
19642
21894
19747
19002
19443
16968
16591
18503
20945
17203
