20429
20029
23159
19867
20368
21410
20601
19703
20193
19637
19673
20073
20440
19964
19679
19618
22355
21002
19763
19853
19751
22901
19720
22045
19636
19675
19606
19551
19429
19555
20900
19632
19635
20297
19838
19818
21118
21688
19862
19806
19944
19989
20376
20629
19747
20347
24240
25835
21719
19591
20139
21826
19669
20100
23114
19796
21477
19918
20692
25545
22110
19803
19753
21200
19630
23823
19722
19728
19717
20464
19644
20019
20080
20082
20068
19756
21060
20102
20730
20118
20315
24585
25293
21491
23402
21064
24958
27985
19658
19554
22358
22179
20295
21232
19993
20817
19823
19407
19671
19622
19813
19607
19479
19544
20419
20203
20255
21474
19842
25896
22433
19732
20222
19928
19596
23756
19585
19826
20293
19821
23209
22784
20597
21619
19892
20058
20121
19699
19771
21656
19361
19533
20707
21171
21461
19731
19851
19910
21262
20638
21264
19785
20292
20116
20272
20683
28608
20695
19569
20134
20707
19266
19400
19946
20384
19491
19658
19639
19407
20469
19711
21287
20525
20790
25322
20834
20923
22557
20643
24728
21169
19827
19923
20074
19978
20375
20232
21316
20003
20208
21759
19727
19933
20006
25869
23007
21301
19521
19594
20207
21998
24289
27842
26083
29573
28515
19569
19642
21146
20456
