24773
22875
22344
22201
22374
22150
27995
23378
21950
23794
27653
29259
28536
23744
26531
26173
24345
22467
22477
23562
22498
23051
23446
22944
22063
22520
22853
22408
22559
22284
25083
26231
27592
31745
26929
23505
22168
21935
21962
22089
22025
22151
22227
22372
27266
22009
22406
22614
23013
24845
22900
22037
23912
22921
22099
24992
21855
30132
34032
22396
25307
29876
31110
26601
26836
25147
23189
21967
22857
22281
22247
22646
25007
22605
24116
25302
29009
28130
27816
22833
24173
23776
24114
26823
22337
21854
23283
22310
22491
21658
23742
23877
28932
32946
21788
22046
24400
26390
22289
24011
22428
21917
21945
22519
22878
22280
22703
22317
22821
23025
22259
23882
23242
21457
22105
22321
22041
23005
22397
22563
22536
23123
22568
24189
25108
22284
21956
23544
23831
27604
23102
23429
25216
21987
21685
22161
22141
23790
22587
23119
21811
23728
23004
22435
23666
22207
22005
22669
22403
24039
24062
24985
24955
26187
22282
22550
22019
22248
22128
22019
21880
22011
21985
22823
22843
26845
31988
22876
21732
22221
23234
22076
22552
21948
23333
22190
22347
22159
22103
21533
22494
21800
22012
22210
22275
22157
21875
21963
22986
22340
22038
22114
21933
23180
22116
22149
22036
22391
22021
21799
