24976
25087
24373
24238
24208
25217
25032
24578
24699
25192
24180
24843
24187
24479
24461
24469
23949
24430
24460
25152
24783
29411
25122
25897
24202
26724
24069
24976
24084
24186
24292
24491
24203
24316
24274
24048
24481
24284
24278
24325
24698
24665
24457
24192
24573
24731
24723
23821
24460
24063
24562
24251
24646
24363
24371
23927
24150
24579
24391
24286
24446
24262
24117
23745
24669
24341
24480
26154
24152
25767
25260
25380
24057
26491
24660
24152
24066
24665
24971
25949
26623
24373
30649
29038
24738
24608
24748
24729
24094
25344
26167
25710
24194
28078
27303
26805
37791
31794
32033
25850
25141
24227
23950
27324
27357
24165
24288
24029
24210
24473
24156
24735
24705
24711
25962
24264
24596
24795
23996
27159
24294
24390
27301
24490
24484
25379
24413
24175
25215
28169
30457
29748
24482
24692
29061
27237
23928
24400
24158
25491
28284
26325
29858
26478
25603
26602
31513
24069
24223
28075
29226
29822
27343
24558
24056
24387
24004
24091
24309
25412
32524
31138
23990
23935
24402
26359
26439
24996
24495
23836
24518
24145
23903
24614
24162
24074
23996
23989
25636
24582
24393
24331
26636
34705
26511
24225
24037
24316
24261
25254
24354
24600
24273
27106
23857
23940
23954
24363
25006
24541
