26446
25709
26305
26591
26259
26309
25975
25482
26998
25986
25658
26064
26042
26350
26047
26131
25545
26003
25943
30702
26236
26951
25898
25966
28792
30573
25986
26492
28176
25662
28543
27400
25714
27301
26149
25714
27581
26149
29566
29512
28565
26246
26576
26846
28079
29835
25918
29655
26141
28831
28208
25812
25955
26525
26997
26050
27672
26068
25940
26665
27581
25981
29004
26014
28286
26191
27451
27122
28035
25923
26004
25637
26782
32707
28281
26912
26359
26130
25672
25602
26204
26025
25796
27269
25679
25793
26624
25573
25880
28355
25773
25420
27440
26547
26015
26664
26881
26838
26969
26246
26746
25793
28437
26259
26397
25593
25868
25875
25816
25710
26588
25700
25487
26362
26545
25700
26175
25442
25384
25928
25796
26776
26384
26885
26781
26041
29188
27295
26767
25738
26577
26420
25978
25557
26738
26027
26011
26070
25963
25795
26021
25816
25813
25805
26831
26122
27038
25545
26926
25821
26107
25571
25644
25623
26779
25900
27069
25759
26345
31395
26255
26538
27191
28905
25725
25774
25898
26439
26117
25624
25735
28692
27580
25949
26303
26482
26199
29572
32261
26263
26869
26344
27009
26213
26144
26876
28349
37419
37547
37315
27822
26749
31192
25852
27230
31419
27273
26873
29718
37441
