5539
6308
7606
5523
6123
5628
5699
5566
5948
5493
5588
7313
8088
7908
8335
6987
5710
5754
5639
5505
6718
8196
7748
8323
7620
8871
7696
5937
5401
5451
5600
5585
5708
6042
6505
6818
7878
6217
5639
5307
5992
5417
5573
5484
5652
5521
5526
5553
5661
5557
5558
5667
5572
5495
5569
5573
5809
5486
5749
5486
5516
5791
5569
5697
5549
5499
5513
5542
6461
5520
5667
5637
5998
5491
6174
5449
5456
5558
6372
5954
5583
5651
5429
5460
5423
5556
5528
5288
5469
5492
5481
5531
5653
5566
5590
5855
5434
5411
5661
5484
5427
5484
5439
5700
5513
5594
5657
5960
5583
5488
5680
5799
5466
6655
6056
5573
5501
5754
5515
5760
5399
5650
5585
5637
5764
6730
5504
5367
5495
5711
5311
5739
5470
5569
5537
6263
5598
5466
5596
5753
5494
5329
5401
5523
5549
5384
5457
9224
6596
6573
6509
5724
7254
4119
4151
4547
4100
4409
4190
4201
4129
4231
4283
4200
4073
4157
4259
3963
4199
4118
4282
4465
4048
4666
4398
4043
4203
4127
4022
3962
4218
4114
4102
3910
4096
4409
4072
3987
4229
4098
4132
3900
4137
3951
4186
4388
4283
3948
4252
4102
