29798
39435
39267
34042
27574
28195
27335
28791
30464
30012
27245
27542
27438
27586
27522
28010
28208
29089
28898
28914
27596
28155
27975
27970
32163
30807
33863
31330
29627
29868
29930
34139
31484
31523
27299
27924
27489
28503
27627
27363
27974
27358
27561
27810
28472
27582
27341
27308
27383
27603
27820
27794
27814
27542
27767
27808
28553
27565
28028
27125
28433
27916
27620
30694
27379
30118
27839
27588
27257
27255
27372
27083
28074
27212
27357
27275
27206
27435
29502
27516
27232
27371
27799
27787
27426
27538
27360
28000
28476
28353
28097
44444
37352
40066
27604
27440
27447
28739
27660
28230
28390
27251
27822
27292
28199
27589
27244
26378
28759
27428
27723
27499
27380
27238
27247
27459
27349
29447
27659
27121
27427
27946
27841
28149
27426
27865
27380
27528
27627
30303
27263
29450
29815
35164
27143
28636
28307
28223
28131
27539
27681
27106
27480
27380
27756
28077
27888
28223
27600
30054
32465
27981
27225
29205
28923
27937
27666
28182
27539
27423
30909
28990
27338
29714
27051
27837
27477
27836
31355
33370
39165
32386
29971
46673
46028
30003
28005
27937
27385
28865
27491
29053
28249
30431
33592
28075
34806
41673
27229
30957
28576
28250
27636
27234
27205
27423
27583
28054
27529
27741
