29702
28714
28789
28766
28712
29277
28781
28639
29360
34097
43310
31925
29429
33494
28798
28984
29930
28897
28781
28530
29052
28943
29041
28958
27999
29034
30216
29220
29118
28998
29076
28773
37302
30131
35326
30420
29519
29246
29152
28936
28938
28375
29355
28636
28542
32604
29058
29082
28675
30294
30105
35822
34453
28888
30526
33450
31960
29084
32238
32389
28704
29122
29208
28895
29689
30149
29043
29749
29845
28831
28712
28604
28953
28560
29006
30041
28821
29581
29268
29255
29734
28567
30493
29326
29521
29148
28768
28025
29056
28903
29173
29050
29528
34131
33643
36464
35828
28998
29113
29789
30342
30824
30169
29783
29174
28844
29539
29213
29537
28868
33846
29424
29992
32820
31661
31623
29950
32733
34909
29587
29199
29253
29547
29189
28959
30627
29899
32291
28771
33504
30734
29260
29518
28859
29527
30874
29269
29490
31399
32382
36157
29144
29565
32163
33140
31113
30198
29295
29838
29115
29089
29094
28883
29583
29483
28956
28954
28821
29447
30537
30324
30307
28808
29230
29989
31219
29098
28863
30458
31194
33232
29174
31142
31160
28983
30800
28658
36655
30633
28686
29500
30311
29179
29544
30690
28794
29514
31255
35911
31289
29800
29637
29010
29286
28680
30192
30552
31922
29883
29324
