29856
30132
34067
29854
31890
30233
29820
37377
38565
31419
30014
32538
31066
33387
36050
55850
49450
30739
29656
30537
30518
30180
29827
29913
29835
30087
30012
30197
60367
37459
46404
31666
29948
41709
36405
34093
34938
46659
38233
30102
31909
30565
31901
31160
30226
30721
30667
30154
32809
30379
30394
30312
30414
30118
30582
30184
30277
30506
37208
30500
29667
31123
29958
30400
30958
29852
30553
29817
30281
32160
30338
30736
30564
30036
30079
30960
30152
30520
30402
30138
29993
29871
31991
30003
30906
30464
34857
36667
31148
33236
33058
29729
31300
30055
31496
29136
32643
36629
38245
32570
30073
30197
30187
30422
30363
30939
31006
30291
30264
30613
30011
29224
30280
29984
30051
30182
29898
30291
30438
31341
30499
30878
35526
30220
30042
30288
30004
30575
30137
30038
30421
39086
39807
41270
38375
30025
30090
30518
30345
30346
30605
31209
30453
30134
29288
30180
30278
30659
30160
33357
30461
32822
31600
30668
29792
29950
30437
30290
30311
30493
30247
30144
30069
29883
30766
30236
30027
29911
29943
30825
30839
31503
33138
30544
34507
30234
29885
30380
30959
29769
32142
30183
37481
31500
30538
30118
29830
31060
30667
30250
30561
33988
38324
32680
32250
31340
31772
32140
31506
30179
