30999
30804
34202
31365
31121
34364
33952
39665
36350
33660
35381
30906
31156
31126
31607
30483
32317
35891
42427
32481
32498
30647
31491
31327
30838
31010
30891
30980
31272
32235
31089
30773
32542
35081
33354
32882
32332
31191
35185
42370
40909
32468
36167
33048
32048
30938
30487
31647
30996
30789
31166
30238
30150
30756
32760
31047
32337
30648
34177
32455
35669
31207
30949
32172
30638
31261
36340
31229
32576
32927
32869
30446
32428
31697
31307
31043
30965
31012
36008
44575
32090
31297
31308
30847
30987
31150
30954
31978
30964
30823
33234
30718
31015
30476
32472
30785
33784
31352
31844
31886
30805
30838
30648
31112
30452
31436
31007
30926
31606
34525
31149
31359
31198
31082
30857
31785
32746
34763
31318
31679
30884
30847
32267
31442
31612
30629
31129
34132
34036
33170
30291
31224
31046
30877
30493
30424
31070
32060
30622
31148
31359
30913
30821
36613
36983
47564
31890
31346
30898
30623
31237
31137
35859
31218
31088
32945
31583
34116
31939
32179
31024
30854
30711
30342
30668
31113
31524
30491
31574
34753
34473
30659
31100
30651
35086
30275
38238
31786
31482
30981
30861
41475
33001
31025
30484
34167
38128
35276
33286
35826
33537
35108
56703
34943
33895
33909
33149
32658
34478
42903
