45118
46278
43076
46178
44345
42742
52049
43677
44645
43046
43916
45221
52965
51306
41980
46797
48549
44307
43674
44441
44038
43523
43485
43496
43651
42788
43245
44666
47388
43172
43956
45340
42735
46167
46398
33069
32472
31532
32575
31010
35528
44861
36514
43426
42830
42745
44614
56547
51936
71049
63352
42597
48013
55756
46902
48166
43751
44378
46683
49696
44849
62009
44787
43844
53794
53383
52079
44036
44548
46872
48039
43723
45264
46408
43818
51091
49848
44780
50928
51990
52565
47275
42852
43691
43770
43532
38012
31468
31691
32296
47543
31075
33414
46997
43827
40577
32245
34534
31872
32013
34529
32146
31883
31950
31780
32147
31500
31464
32027
31707
31562
31792
32186
31863
31266
34504
37650
31646
31896
32033
32329
32576
32726
33324
31257
32021
31746
30801
32624
32414
31519
32036
31832
30745
31081
31559
31165
31366
31082
31989
32065
34842
31411
46485
40686
31715
42955
32210
31448
38898
44351
37820
43775
41332
33995
32444
37550
33738
35973
31521
35587
34287
35482
33697
31345
34058
32224
32250
32630
31854
32022
37056
33166
31901
32019
32602
33879
33421
31196
31642
31561
31162
33505
31362
31203
31874
32017
32988
33990
31763
31641
32100
31783
31582
33741
31922
31416
31822
47088
31746
