31901
31238
32232
39930
35115
32372
31215
31344
32146
37468
40080
39308
50257
52716
46110
35031
33084
31743
31766
31487
33394
32042
32387
32197
32016
31841
38182
32583
31970
35289
34592
32135
32522
36516
35096
32314
32746
33417
31923
32916
34792
37102
34899
39778
42058
31528
31343
31632
31372
31623
31267
32042
34671
32442
34996
31869
31622
32314
33616
32521
32373
32415
32068
32640
32977
32201
32101
31779
31328
34154
32642
33046
31815
32574
33877
32243
37484
37907
41701
33701
31232
32033
37989
32578
32123
33143
32606
33870
33143
32179
33882
31860
32147
31969
35009
31707
31219
35041
37954
32121
34324
33220
34578
32304
32477
33184
35459
31544
33090
33086
33792
33971
32622
32220
33171
30962
31168
33091
32568
31948
36517
34364
33165
35459
31486
33977
33211
33155
32698
32111
31593
32431
31938
31693
31949
31655
32111
38442
31461
33681
31680
32060
31356
31377
31461
31387
31947
32303
31478
32261
31499
32153
32363
31672
32044
32286
31589
32026
31987
32347
32370
31967
31721
32564
31702
34773
31995
31495
37640
31825
31522
31726
32546
30925
30393
30730
33085
31974
32599
32125
31346
31567
31485
31699
32131
31453
31134
31830
31967
31806
32237
31119
31403
31400
31641
32274
31856
32178
31975
31494
