39548
41802
32923
32057
31910
31245
31361
31780
31427
31932
31380
33079
32973
31337
31240
31381
31850
31104
32227
32551
31791
31143
31659
31493
31310
31489
31986
31989
31415
32166
31270
30691
31245
32002
31382
31712
32413
32461
36640
31142
31589
31540
34358
31000
31150
34476
31264
31397
32270
32447
31909
31580
31419
31490
31620
31465
31575
31799
32426
31423
35553
34239
32464
31567
31556
32418
32399
31532
32339
31792
33546
32918
33007
31938
31700
32156
32239
31594
32479
31466
31199
31857
31749
31893
35395
36852
35232
39290
37038
32599
34334
50343
31595
32215
33187
35240
32765
33022
33004
33167
33324
33141
31721
33734
33582
31301
32018
31497
31010
32955
33442
33304
31508
44957
47963
45965
46884
44600
44240
45205
57396
53011
50073
43993
44539
44864
45621
44612
43478
44147
44006
46531
37821
31908
33099
32023
32072
32784
33549
32777
32096
33487
32807
32051
38058
35642
33553
32847
34716
31928
31858
31445
31323
32390
31827
32649
31904
31535
35393
34381
45574
44855
47857
47547
43620
43375
44929
43891
44292
44187
43724
43579
45095
43058
44225
44173
44282
42938
43699
44493
43386
43455
43903
48579
50641
46645
43778
44340
44504
44073
43268
43962
47181
48489
43910
42631
43611
43699
43664
43919
