43645
43631
39695
31258
31695
31466
36317
33513
31293
30812
31152
31601
31260
31525
31030
31313
31329
31228
31499
34287
31974
32104
31752
32090
31314
31629
33408
31282
32210
30877
33670
36041
34753
31852
31357
31089
31021
33507
31132
31221
31728
31529
31172
31601
31314
31264
32057
31594
31105
31138
31632
31378
31434
31291
31388
31387
31835
31210
32287
31172
31255
31585
31438
32923
31190
31036
34399
32401
35299
32468
31943
31701
31588
31704
34322
31060
31164
31678
31245
31389
31251
31706
31219
31561
31534
31484
31282
31057
31615
31247
33806
33729
32104
31316
34311
31116
31132
30977
31490
31194
31832
32518
32858
32700
33972
32548
31830
33412
32018
30948
31598
31622
32473
32096
33001
32356
30918
31988
36094
32725
31176
31549
38192
39040
31613
32978
31424
32052
32262
34010
33679
30948
33631
31159
31924
31975
32633
35537
33924
31323
32561
30923
32425
31660
31450
32114
31552
31301
31977
36520
31375
31712
32167
31060
31946
30988
36200
31421
31707
31868
31978
32022
53074
31507
32646
32537
32987
31980
36187
36058
31672
37280
33907
34297
33691
35543
34794
31541
34277
31978
32090
31885
31670
31448
31056
31499
33718
32190
31104
32799
30663
30699
35002
31031
32548
33712
31223
32676
31669
33294
