31652
32856
31522
30785
31543
31460
32164
32333
32427
33839
32146
31389
31951
33083
38388
36486
31556
29933
30619
30333
30692
29607
33288
31763
30716
37729
38227
32908
29860
35820
32305
31509
33741
31652
35528
30645
31801
31896
30831
30961
30654
31907
31949
32213
31837
31976
30872
31964
30556
30713
31427
32440
31535
30780
32347
32722
30643
32367
31635
31306
30688
37517
44894
33805
31250
31577
31156
31497
43515
33876
39413
43444
40370
30075
30341
31342
32068
30619
31336
35797
31272
35958
45542
40397
33146
41167
32035
32309
33059
44337
35452
31384
31029
43919
44364
33840
33405
31158
42915
31656
36679
48220
38794
45540
33255
40596
56010
40829
33784
33023
32687
31121
31167
34042
31069
30752
32404
44714
33450
38653
36720
31137
31486
41338
32489
31434
31034
32618
34806
33253
30726
34065
31743
41136
47142
34121
30728
31129
30842
36569
31245
32509
31105
30631
31798
31502
31629
31375
30862
30348
30449
30833
30994
30729
31564
31583
31553
30743
31068
30729
31714
30520
31399
30727
30267
30334
30523
30789
32505
31464
31601
32299
31543
53267
31938
31763
33347
31321
30500
33752
33889
36655
32494
39305
32423
32862
30362
30966
32161
30991
31410
30673
30614
30989
30875
30707
30653
32629
34664
33171
