30399
30857
30175
30732
31137
29907
30779
30558
30370
29758
34622
31136
30137
29910
30712
31055
29427
29959
33028
34644
35386
31450
35637
34131
31672
32005
42425
31020
34511
32627
36039
29643
31499
30733
30519
31361
29735
29515
32953
43193
31385
32742
37473
31625
29660
33587
30911
29865
32066
30298
32681
30858
29464
31346
30596
30051
29477
30058
29889
29903
31849
31991
30681
30352
41501
30804
30560
35932
30959
29839
30709
31999
34087
31050
31037
30126
32470
32544
30362
30282
30730
30784
29853
30520
30087
30296
29862
31243
30987
31914
36163
34444
29670
32272
30472
32141
30723
30400
29258
30090
29874
32717
33671
31675
29952
30828
29958
29829
29998
30014
30148
30493
30031
29931
29897
29596
30164
29834
29867
31678
31611
29935
30673
30062
29769
30608
30076
30380
31336
32840
30198
30156
29670
30002
30547
29862
30783
29898
30256
30284
30874
30227
29560
30102
30157
29824
29798
30812
30928
29990
32820
34587
32773
29942
29890
30641
30966
29915
29932
39491
29999
29946
30794
29815
30474
30069
31239
32291
33922
39662
36558
29648
30282
31694
29686
34616
33678
31217
30775
31713
31215
29901
30130
29987
30340
30606
30177
29693
30220
29714
30757
30682
34454
32560
36411
33513
29866
29952
29841
29825
